Object,Neighbor,Distance
1,2,14.866069
2,1,14.866069
5,7,6.703968
7,5,6.703968
11,12,9.3590555
12,11,9.3590555
12,13,10.858309
13,12,10.858309
19,29,14.112358
21,31,14.637107
25,32,13.092871
29,19,14.112358
29,44,14.700424
31,35,12.425287
31,21,14.637107
32,25,13.092871
35,31,12.425287
44,29,14.700424
49,53,12.983023
52,62,7.3735194
53,63,9.294876
53,49,12.983023
62,52,7.3735194
63,53,9.294876
73,78,14.959618
77,88,12.471305
78,73,14.959618
84,92,11.119477
84,86,13.239118
86,84,13.239118
87,97,9.919824
88,77,12.471305
88,99,10.834228
92,84,11.119477
93,102,14.771636
97,101,7.725877
97,87,9.919824
99,88,10.834228
101,97,7.725877
102,93,14.771636
112,116,14.504425
114,123,9.906774
114,125,11.941408
114,121,13.703124
116,112,14.504425
119,130,14.5248375
119,120,7.114052
120,119,7.114052
120,130,11.46571
121,123,14.23405
121,125,7.515708
121,114,13.703124
123,125,7.531281
123,114,9.906774
123,121,14.23405
125,114,11.941408
125,121,7.515708
125,123,7.531281
126,138,13.278108
126,133,9.94167
126,131,14.650719
127,131,11.223916
130,120,11.46571
130,119,14.5248375
131,127,11.223916
131,126,14.650719
131,133,7.5061626
133,126,9.94167
133,131,7.5061626
133,138,9.994272
138,133,9.994272
138,126,13.278108
143,145,8.574637
143,166,11.864831
143,164,10.720345
145,166,9.712007
145,143,8.574637
150,163,6.9748664
151,174,11.425463
152,171,9.71663
158,176,10.643528
163,150,6.9748664
164,143,10.720345
164,166,10.1468
166,145,9.712007
166,143,11.864831
166,164,10.1468
167,169,10.658644
168,173,13.883623
169,179,13.578464
169,167,10.658644
171,152,9.71663
171,178,8.858149
173,168,13.883623
174,151,11.425463
176,184,9.850577
176,158,10.643528
178,187,13.494068
178,171,8.858149
179,169,13.578464
184,197,14.095758
184,176,9.850577
187,178,13.494068
189,198,8.9338665
197,184,14.095758
198,189,8.9338665
203,209,11.058114
206,218,7.596761
209,203,11.058114
212,217,5.9577284
215,234,12.188804
217,220,9.68952
217,212,5.9577284
218,206,7.596761
220,217,9.68952
223,237,14.848636
225,227,8.844123
227,225,8.844123
231,239,14.998834
234,215,12.188804
237,223,14.848636
239,231,14.998834
241,264,9.722115
243,266,9.429624
243,250,5.93556
250,243,5.93556
250,266,8.74134
253,279,13.7045765
256,270,12.036468
258,260,6.1176553
260,258,6.1176553
261,274,7.138226
264,241,9.722115
266,250,8.74134
266,243,9.429624
267,287,13.2336235
270,256,12.036468
272,305,14.829677
272,284,13.277039
274,261,7.138226
274,292,9.857392
276,295,12.713045
277,285,10.893247
279,253,13.7045765
281,288,5.0029716
284,272,13.277039
285,277,10.893247
287,267,13.2336235
288,281,5.0029716
292,274,9.857392
292,311,12.209898
294,317,13.387327
295,276,12.713045
298,320,13.762215
298,306,11.17506
299,315,8.706915
304,309,12.95675
305,272,14.829677
306,320,7.9499164
306,298,11.17506
309,304,12.95675
310,322,8.083666
311,292,12.209898
311,337,13.69209
315,299,8.706915
317,294,13.387327
318,327,13.36208
320,298,13.762215
320,306,7.9499164
321,348,14.910444
322,310,8.083666
323,332,5.5289392
324,328,4.73229
327,318,13.36208
328,324,4.73229
332,323,5.5289392
333,347,8.64996
337,346,8.45922
337,311,13.69209
341,349,11.811519
345,361,8.8818
346,337,8.45922
346,368,14.50077
347,333,8.64996
348,366,11.241487
348,321,14.910444
349,341,11.811519
349,373,11.94387
351,367,10.577564
355,372,11.609868
361,345,8.8818
366,348,11.241487
367,370,7.483589
367,351,10.577564
368,346,14.50077
369,371,8.607967
370,367,7.483589
371,369,8.607967
372,355,11.609868
373,349,11.94387
376,386,10.48783
386,376,10.48783
387,404,14.731264
395,411,14.192459
397,405,6.9214363
400,410,14.296302
403,423,14.335367
404,387,14.731264
405,397,6.9214363
410,400,14.296302
411,395,14.192459
416,421,12.385166
421,416,12.385166
423,403,14.335367
430,433,10.094332
433,430,10.094332
437,443,11.559315
441,459,9.715125
443,437,11.559315
449,467,9.40477
449,470,12.30155
453,456,10.081655
455,457,8.5657625
456,453,10.081655
457,455,8.5657625
459,441,9.715125
466,481,11.24948
467,449,9.40477
467,470,5.788661
467,478,12.07759
467,479,7.8328934
470,467,5.788661
470,479,7.45845
470,478,7.6054993
470,449,12.30155
478,470,7.6054993
478,479,7.19161
478,493,8.090272
478,467,12.07759
479,478,7.19161
479,467,7.8328934
479,493,11.796462
479,470,7.45845
481,466,11.24948
487,521,12.626109
487,498,14.678247
493,479,11.796462
493,478,8.090272
493,513,7.032999
494,515,6.5868
498,487,14.678247
501,505,7.234809
505,501,7.234809
507,508,14.42274
508,507,14.42274
510,535,12.889723
513,493,7.032999
515,494,6.5868
516,520,7.6468153
517,543,13.894446
517,528,8.345729
520,516,7.6468153
521,487,12.626109
522,524,12.689432
524,522,12.689432
528,543,10.033068
528,517,8.345729
532,536,10.062182
535,557,14.857075
535,540,7.9889007
535,510,12.889723
535,548,9.106452
536,532,10.062182
540,557,9.768866
540,535,7.9889007
540,548,6.2035933
543,517,13.894446
543,528,10.033068
544,565,11.123397
546,547,12.358832
547,546,12.358832
548,535,9.106452
548,540,6.2035933
548,570,12.04808
548,557,5.8303933
551,569,14.162342
552,568,12.319913
554,571,9.6241045
557,548,5.8303933
557,540,9.768866
557,535,14.857075
557,570,6.225449
561,588,14.303727
565,544,11.123397
565,587,11.777246
568,552,12.319913
569,551,14.162342
570,548,12.04808
570,583,10.485996
570,557,6.225449
571,554,9.6241045
574,579,7.8668513
576,593,10.625372
579,574,7.8668513
581,602,11.758475
583,570,10.485996
583,594,7.3021803
583,591,14.462205
587,565,11.777246
588,561,14.303727
589,624,12.933756
591,583,14.462205
591,594,7.7846375
593,576,10.625372
594,591,7.7846375
594,583,7.3021803
597,625,14.381955
600,622,12.828695
602,581,11.758475
602,627,14.507384
604,623,11.420594
610,619,7.684498
613,639,10.002524
618,630,8.509041
619,610,7.684498
620,637,12.775456
622,600,12.828695
622,640,8.410777
623,604,11.420594
624,589,12.933756
625,634,10.368889
625,597,14.381955
627,602,14.507384
630,618,8.509041
634,643,7.4201894
634,625,10.368889
637,658,7.509213
637,651,8.715862
637,620,12.775456
639,613,10.002524
640,622,8.410777
643,634,7.4201894
643,674,11.384115
651,637,8.715862
651,658,6.2886486
657,685,13.821863
658,651,6.2886486
658,637,7.509213
666,683,11.196052
671,678,12.319815
674,643,11.384115
678,671,12.319815
678,698,12.462347
681,712,11.417206
683,666,11.196052
684,695,5.623812
685,657,13.821863
694,719,13.033071
695,684,5.623812
697,718,13.235121
698,678,12.462347
699,711,5.295662
701,721,13.15127
701,724,10.275218
705,725,13.744042
711,699,5.295662
712,740,12.696979
712,681,11.417206
717,737,10.239198
718,697,13.235121
719,694,13.033071
720,753,14.858701
721,701,13.15127
721,724,11.012374
723,731,4.5364
724,701,10.275218
724,721,11.012374
725,705,13.744042
725,742,6.476483
731,723,4.5364
733,759,8.545248
734,765,11.681037
737,717,10.239198
740,773,14.862399
740,712,12.696979
742,725,6.476483
742,769,10.037977
751,788,12.70075
753,720,14.858701
753,772,10.013817
753,781,11.081197
758,760,5.3486814
759,733,8.545248
759,771,11.98409
760,758,5.3486814
762,791,13.324504
762,782,7.1538877
765,734,11.681037
765,780,6.3106856
769,742,10.037977
771,759,11.98409
772,781,14.708545
772,753,10.013817
773,740,14.862399
774,819,14.395336
774,792,7.2717505
779,810,9.877863
780,765,6.3106856
781,753,11.081197
781,772,14.708545
782,762,7.1538877
782,791,11.519795
783,817,11.650559
784,789,9.102137
788,751,12.70075
789,784,9.102137
789,799,7.8895187
791,782,11.519795
791,762,13.324504
792,819,8.191735
792,774,7.2717505
793,814,8.871092
798,831,13.244322
799,789,7.8895187
800,830,14.29271
809,812,14.3735485
810,779,9.877863
812,809,14.3735485
814,793,8.871092
817,783,11.650559
819,774,14.395336
819,792,8.191735
822,842,10.097197
823,839,7.6032324
827,846,10.151834
830,800,14.29271
831,798,13.244322
831,835,11.034481
835,831,11.034481
839,823,7.6032324
840,867,12.76454
840,853,12.76257
842,822,10.097197
844,856,9.559174
846,827,10.151834
851,855,12.534773
853,840,12.76257
855,851,12.534773
856,844,9.559174
859,890,12.136896
861,881,9.295998
867,840,12.76454
869,909,14.994976
872,891,8.659125
874,893,8.961487
876,912,12.849772
881,861,9.295998
885,919,14.523165
886,913,8.457356
886,925,14.42001
890,859,12.136896
891,905,14.780883
891,872,8.659125
892,931,14.927675
893,874,8.961487
894,915,7.125544
894,899,5.078977
897,911,14.789135
899,894,5.078977
899,915,8.815727
900,965,14.624895
905,921,10.135559
905,891,14.780883
907,922,7.2372713
909,869,14.994976
911,897,14.789135
912,876,12.849772
913,886,8.457356
913,925,9.133748
913,939,10.530132
915,920,14.860489
915,932,9.5325985
915,899,8.815727
915,894,7.125544
919,949,9.988727
919,885,14.523165
920,915,14.860489
920,932,9.095915
921,905,10.135559
922,907,7.2372713
924,944,9.258137
925,886,14.42001
925,939,9.617692
925,913,9.133748
931,892,14.927675
932,920,9.095915
932,915,9.5325985
933,977,13.442431
933,958,6.912489
935,952,7.0903177
939,913,10.530132
939,925,9.617692
940,951,11.656311
940,974,10.703654
941,969,14.233063
944,924,9.258137
949,970,9.521381
949,919,9.988727
951,974,12.0897875
951,940,11.656311
952,935,7.0903177
953,980,10.017632
956,969,11.442472
958,933,6.912489
958,977,11.427532
960,968,10.015951
965,900,14.624895
967,997,10.643961
968,960,10.015951
969,941,14.233063
969,956,11.442472
969,992,12.567702
970,949,9.521381
970,1008,12.006014
972,993,13.67608
973,1007,14.566785
973,988,8.404189
974,951,12.0897875
974,940,10.703654
976,1016,12.409628
977,933,13.442431
977,958,11.427532
980,953,10.017632
984,1012,14.640593
987,1015,13.230956
988,973,8.404189
988,1007,6.225208
989,1020,9.754434
990,1022,14.157208
991,1003,13.58989
992,1032,13.116176
992,969,12.567702
993,972,13.67608
997,967,10.643961
998,999,11.712527
999,998,11.712527
1003,991,13.58989
1005,1044,14.804064
1007,973,14.566785
1007,988,6.225208
1008,1031,9.205593
1008,970,12.006014
1012,984,14.640593
1013,1018,5.428206
1013,1047,12.709606
1013,1036,13.902063
1015,987,13.230956
1016,976,12.409628
1018,1047,10.667121
1018,1013,5.428206
1020,1042,6.9184513
1020,989,9.754434
1022,1060,14.048035
1022,990,14.157208
1023,1052,11.352671
1023,1035,5.469185
1026,1053,12.560421
1030,1062,12.3
1031,1008,9.205593
1031,1046,7.905881
1032,992,13.116176
1034,1065,14.679063
1034,1049,9.068611
1035,1023,5.469185
1035,1052,6.7915387
1036,1013,13.902063
1038,1041,14.041794
1039,1067,14.060991
1040,1064,14.7743025
1041,1038,14.041794
1041,1068,14.024718
1042,1020,6.9184513
1043,1053,11.510192
1044,1005,14.804064
1046,1072,12.832683
1046,1031,7.905881
1047,1018,10.667121
1047,1013,12.709606
1049,1034,9.068611
1049,1065,11.170647
1052,1035,6.7915387
1052,1023,11.352671
1053,1043,11.510192
1053,1026,12.560421
1060,1094,14.257734
1060,1022,14.048035
1062,1030,12.3
1063,1089,11.504638
1063,1065,9.604691
1064,1040,14.7743025
1065,1049,11.170647
1065,1089,11.721689
1065,1034,14.679063
1065,1063,9.604691
1067,1039,14.060991
1068,1101,11.711368
1068,1041,14.024718
1072,1092,10.999279
1072,1046,12.832683
1079,1091,5.664033
1086,1115,10.821522
1087,1103,14.460257
1089,1063,11.504638
1089,1065,11.721689
1090,1119,9.450799
1091,1079,5.664033
1092,1072,10.999279
1094,1060,14.257734
1101,1068,11.711368
1103,1087,14.460257
1107,1138,14.441297
1108,1128,7.4069257
1110,1146,12.580056
1113,1116,11.641632
1115,1086,10.821522
1116,1113,11.641632
1117,1122,14.790368
1117,1140,8.188231
1119,1090,9.450799
1119,1157,13.903404
1122,1117,14.790368
1128,1108,7.4069257
1133,1155,10.708801
1138,1161,12.1702
1138,1107,14.441297
1140,1117,8.188231
1146,1167,9.462913
1146,1110,12.580056
1155,1133,10.708801
1156,1173,5.458564
1157,1119,13.903404
1158,1190,12.185685
1161,1138,12.1702
1164,1178,11.9801035
1164,1210,13.9973755
1166,1204,12.709795
1167,1146,9.462913
1169,1201,11.844041
1173,1156,5.458564
1177,1199,7.7789
1177,1179,7.145111
1178,1164,11.9801035
1178,1210,14.331496
1179,1199,6.3139644
1179,1177,7.145111
1183,1230,13.432571
1184,1211,6.2852287
1186,1213,6.542366
1188,1225,13.964915
1188,1200,9.863936
1190,1158,12.185685
1190,1220,12.095939
1199,1177,7.7789
1199,1179,6.3139644
1199,1240,14.85329
1200,1225,6.5685043
1200,1188,9.863936
1201,1169,11.844041
1203,1228,6.977923
1203,1248,12.705856
1204,1166,12.709795
1208,1223,6.408621
1210,1178,14.331496
1210,1164,13.9973755
1211,1184,6.2852287
1213,1186,6.542366
1220,1190,12.095939
1223,1208,6.408621
1224,1247,14.2449
1224,1259,9.631074
1225,1200,6.5685043
1225,1188,13.964915
1228,1248,5.9503756
1228,1203,6.977923
1230,1183,13.432571
1237,1253,6.814354
1240,1199,14.85329
1242,1249,5.2453585
1243,1257,7.236805
1247,1284,13.9543495
1247,1259,13.380287
1247,1224,14.2449
1248,1203,12.705856
1248,1228,5.9503756
1249,1242,5.2453585
1253,1237,6.814354
1257,1243,7.236805
1259,1224,9.631074
1259,1247,13.380287
1266,1288,7.8827434
1266,1274,9.065443
1266,1318,13.917981
1270,1287,6.501929
1274,1266,9.065443
1274,1288,5.5256305
1275,1297,5.422887
1277,1278,4.6588707
1278,1277,4.6588707
1283,1313,14.112234
1284,1303,14.50004
1284,1247,13.9543495
1287,1270,6.501929
1288,1266,7.8827434
1288,1318,12.44955
1288,1317,13.015088
1288,1274,5.5256305
1297,1275,5.422887
1298,1302,9.08577
1302,1298,9.08577
1303,1284,14.50004
1310,1328,8.028872
1313,1283,14.112234
1317,1350,11.496418
1317,1288,13.015088
1317,1318,11.559492
1318,1317,11.559492
1318,1288,12.44955
1318,1266,13.917981
1319,1343,14.8798
1327,1336,12.805635
1328,1310,8.028872
1331,1363,11.948077
1336,1327,12.805635
1343,1319,14.8798
1348,1378,11.258249
1350,1317,11.496418
1363,1331,11.948077
1364,1387,12.7479315
1377,1382,10.618632
1378,1348,11.258249
1379,1382,12.6545105
1380,1409,12.916816
1382,1379,12.6545105
1382,1377,10.618632
1386,1414,12.947177
1387,1391,10.303729
1387,1364,12.7479315
1391,1387,10.303729
1394,1410,13.089592
1395,1404,13.9407015
1395,1407,12.691981
1397,1415,14.471458
1400,1411,11.012365
1401,1419,10.02753
1403,1417,5.927671
1403,1409,7.717418
1404,1395,13.9407015
1407,1395,12.691981
1408,1423,8.226878
1408,1426,7.55117
1408,1448,13.109578
1409,1380,12.916816
1409,1403,7.717418
1409,1417,11.890129
1410,1394,13.089592
1411,1400,11.012365
1414,1386,12.947177
1415,1397,14.471458
1416,1460,14.247086
1416,1425,10.790721
1417,1403,5.927671
1417,1409,11.890129
1419,1401,10.02753
1421,1431,7.9479213
1423,1408,8.226878
1423,1448,8.110465
1423,1426,6.9981446
1425,1460,11.13097
1425,1416,10.790721
1426,1423,6.9981446
1426,1448,6.2187133
1426,1408,7.55117
1427,1457,9.702774
1427,1442,9.341281
1431,1421,7.9479213
1432,1447,13.605165
1433,1482,14.760539
1434,1440,10.604
1435,1477,13.507557
1437,1439,14.894842
1439,1437,14.894842
1440,1434,10.604
1441,1473,11.324269
1442,1457,6.737017
1442,1427,9.341281
1444,1481,10.525304
1447,1462,13.202609
1447,1432,13.605165
1448,1426,6.2187133
1448,1408,13.109578
1448,1423,8.110465
1450,1480,7.9234977
1452,1491,14.776321
1457,1442,6.737017
1457,1427,9.702774
1459,1483,14.279713
1460,1496,14.799352
1460,1416,14.247086
1460,1425,11.13097
1462,1497,13.163461
1462,1447,13.202609
1473,1490,6.085372
1473,1441,11.324269
1474,1509,12.8484125
1474,1476,8.020109
1476,1474,8.020109
1476,1509,13.966246
1477,1435,13.507557
1480,1450,7.9234977
1481,1444,10.525304
1481,1495,14.572779
1482,1501,7.3717537
1482,1433,14.760539
1482,1514,14.086681
1483,1459,14.279713
1487,1528,12.638214
1489,1510,7.456151
1490,1473,6.085372
1491,1452,14.776321
1492,1511,9.097818
1495,1481,14.572779
1496,1460,14.799352
1497,1529,9.832503
1497,1462,13.163461
1501,1482,7.3717537
1501,1514,7.5416927
1505,1526,8.618988
1507,1512,9.324706
1507,1531,11.883655
1509,1476,13.966246
1509,1474,12.8484125
1510,1489,7.456151
1511,1492,9.097818
1512,1507,9.324706
1514,1482,14.086681
1514,1501,7.5416927
1515,1548,12.737586
1526,1505,8.618988
1527,1534,9.935438
1528,1487,12.638214
1529,1497,9.832503
1531,1507,11.883655
1534,1537,11.74544
1534,1527,9.935438
1536,1560,8.192451
1537,1534,11.74544
1543,1558,7.5578837
1544,1564,9.090774
1545,1561,11.810823
1548,1515,12.737586
1552,1570,14.981859
1556,1570,14.118768
1558,1543,7.5578837
1560,1536,8.192451
1561,1545,11.810823
1564,1544,9.090774
1568,1577,10.215058
1568,1595,12.920158
1570,1552,14.981859
1570,1556,14.118768
1572,1582,8.2835245
1572,1597,13.888626
1573,1604,13.786946
1575,1584,8.414378
1577,1568,10.215058
1577,1595,10.803879
1577,1587,14.730061
1580,1598,13.003799
1581,1591,8.398545
1582,1572,8.2835245
1582,1597,14.11815
1584,1575,8.414378
1587,1577,14.730061
1591,1581,8.398545
1592,1602,9.305788
1594,1621,10.843053
1595,1568,12.920158
1595,1577,10.803879
1596,1627,10.599877
1597,1572,13.888626
1597,1622,10.660007
1597,1582,14.11815
1598,1610,7.8041563
1598,1617,8.851747
1598,1580,13.003799
1602,1592,9.305788
1603,1608,14.926814
1604,1573,13.786946
1608,1603,14.926814
1609,1641,11.042632
1610,1598,7.8041563
1610,1617,6.105364
1610,1639,14.177131
1617,1610,6.105364
1617,1639,8.227187
1617,1598,8.851747
1617,1632,13.30163
1619,1649,11.2667675
1621,1594,10.843053
1622,1597,10.660007
1625,1629,7.7958665
1627,1596,10.599877
1629,1625,7.7958665
1632,1642,6.371736
1632,1639,9.443751
1632,1617,13.30163
1633,1656,10.068497
1635,1653,4.415948
1639,1617,8.227187
1639,1632,9.443751
1639,1642,14.594413
1639,1610,14.177131
1641,1609,11.042632
1642,1632,6.371736
1642,1639,14.594413
1643,1679,11.813553
1646,1677,13.084683
1649,1619,11.2667675
1653,1635,4.415948
1656,1633,10.068497
1660,1688,14.271694
1662,1684,10.8401785
1668,1692,13.279078
1669,1676,5.8770056
1669,1674,13.323069
1671,1672,5.2496324
1671,1679,9.591884
1672,1671,5.2496324
1672,1679,14.175504
1674,1669,13.323069
1676,1669,5.8770056
1677,1646,13.084683
1679,1643,11.813553
1679,1671,9.591884
1679,1672,14.175504
1682,1695,10.242346
1684,1662,10.8401785
1685,1711,13.240249
1688,1660,14.271694
1692,1668,13.279078
1694,1728,11.520711
1695,1682,10.242346
1699,1742,14.327453
1700,1726,9.647592
1702,1704,13.147816
1703,1724,11.769402
1704,1702,13.147816
1704,1719,9.384788
1704,1737,11.863478
1710,1720,10.483582
1711,1685,13.240249
1718,1732,10.791075
1718,1760,13.644527
1719,1704,9.384788
1719,1737,6.2155423
1719,1745,6.9247375
1719,1770,13.971974
1720,1710,10.483582
1720,1753,10.659274
1723,1729,6.1846585
1724,1703,11.769402
1726,1700,9.647592
1728,1694,11.520711
1729,1723,6.1846585
1731,1764,11.496224
1732,1718,10.791075
1735,1801,14.001801
1737,1719,6.2155423
1737,1704,11.863478
1737,1770,9.1490755
1737,1745,6.707053
1742,1699,14.327453
1745,1737,6.707053
1745,1770,8.784369
1745,1719,6.9247375
1751,1763,6.580878
1752,1789,10.319228
1753,1720,10.659274
1754,1788,12.770096
1760,1718,13.644527
1760,1785,8.310134
1763,1751,6.580878
1764,1731,11.496224
1766,1772,8.559648
1770,1745,8.784369
1770,1807,9.248789
1770,1719,13.971974
1770,1737,9.1490755
1770,1792,10.481306
1772,1812,13.287646
1772,1766,8.559648
1773,1808,10.441207
1776,1818,12.407862
1778,1815,9.431099
1778,1798,14.059615
1778,1803,9.12568
1783,1819,13.079008
1785,1760,8.310134
1787,1833,14.029278
1788,1822,8.05981
1788,1754,12.770096
1789,1752,10.319228
1792,1770,10.481306
1792,1807,9.382063
1794,1830,10.329388
1794,1796,9.450554
1796,1830,8.299876
1796,1810,8.958538
1796,1794,9.450554
1798,1778,14.059615
1798,1803,6.0073705
1798,1815,13.206799
1798,1832,11.51917
1801,1735,14.001801
1802,1838,11.817152
1803,1798,6.0073705
1803,1815,7.4891095
1803,1832,8.503136
1803,1778,9.12568
1805,1845,14.864004
1805,1834,10.377014
1807,1770,9.248789
1807,1792,9.382063
1808,1773,10.441207
1810,1796,8.958538
1810,1830,13.359333
1812,1772,13.287646
1815,1832,7.1077733
1815,1803,7.4891095
1815,1778,9.431099
1815,1798,13.206799
1818,1776,12.407862
1819,1783,13.079008
1820,1850,12.7932205
1822,1788,8.05981
1825,1840,10.229419
1827,1841,6.668197
1830,1794,10.329388
1830,1796,8.299876
1830,1810,13.359333
1832,1815,7.1077733
1832,1803,8.503136
1832,1798,11.51917
1833,1787,14.029278
1834,1805,10.377014
1834,1845,7.577348
1838,1802,11.817152
1839,1862,13.267178
1840,1825,10.229419
1841,1827,6.668197
1845,1834,7.577348
1845,1805,14.864004
1850,1820,12.7932205
1861,1869,6.725965
1862,1839,13.267178
1864,1882,10.334151
1864,1884,7.7702494
1869,1861,6.725965
1870,1875,12.521844
1870,1887,6.8965454
1875,1870,12.521844
1882,1864,10.334151
1882,1884,11.3607855
1882,1895,11.13793
1884,1864,7.7702494
1884,1882,11.3607855
1887,1870,6.8965454
1887,1905,10.619704
1895,1882,11.13793
1905,1887,10.619704
1916,1929,9.61097
1918,1920,13.951449
1918,1928,7.1681056
1920,1918,13.951449
1924,1936,9.000816
1928,1918,7.1681056
1929,1956,10.269431
1929,1916,9.61097
1930,1955,11.823892
1932,1935,8.6157255
1935,1932,8.6157255
1936,1924,9.000816
1940,1960,5.7054625
1943,1961,5.5130854
1944,1973,8.554037
1948,1999,14.297227
1951,1994,12.915322
1955,1930,11.823892
1955,1962,12.714838
1956,1929,10.269431
1957,2003,14.029157
1957,1985,14.877563
1960,1940,5.7054625
1961,1943,5.5130854
1962,1955,12.714838
1967,1992,8.040455
1968,1979,11.42652
1971,2009,12.295678
1973,1944,8.554037
1979,1968,11.42652
1980,2020,14.882444
1981,1996,9.556202
1985,1957,14.877563
1992,2039,14.74957
1992,1967,8.040455
1994,1951,12.915322
1994,1995,13.939718
1995,1994,13.939718
1996,1981,9.556202
1997,2019,7.701461
1999,2026,9.455425
1999,1948,14.297227
2003,1957,14.029157
2004,2040,10.638738
2005,2049,12.41929
2007,2021,11.686686
2008,2021,11.325815
2008,2053,14.447678
2009,1971,12.295678
2013,2058,14.821383
2019,1997,7.701461
2020,1980,14.882444
2021,2008,11.325815
2021,2007,11.686686
2026,2043,11.515994
2026,1999,9.455425
2035,2061,11.503493
2039,1992,14.74957
2040,2004,10.638738
2043,2026,11.515994
2045,2067,8.334598
2046,2091,14.177927
2049,2005,12.41929
2053,2008,14.447678
2058,2013,14.821383
2061,2035,11.503493
2064,2092,6.8148913
2067,2045,8.334598
2077,2122,13.628182
2083,2106,11.795263
2084,2102,12.6570835
2091,2046,14.177927
2092,2064,6.8148913
2092,2116,9.029855
2102,2084,12.6570835
2102,2120,13.8161335
2106,2083,11.795263
2107,2128,14.590874
2109,2126,8.439723
2113,2133,9.531511
2116,2092,9.029855
2117,2140,13.459902
2117,2123,14.54309
2120,2102,13.8161335
2122,2077,13.628182
2123,2140,11.019361
2123,2117,14.54309
2126,2109,8.439723
2126,2143,11.337536
2128,2107,14.590874
2132,2173,13.742362
2133,2176,13.574306
2133,2113,9.531511
2136,2155,7.3841033
2138,2147,9.455827
2140,2117,13.459902
2140,2145,12.717149
2140,2123,11.019361
2143,2126,11.337536
2145,2168,8.992747
2145,2140,12.717149
2147,2138,9.455827
2150,2175,13.273409
2152,2189,10.986727
2155,2136,7.3841033
2163,2201,10.536043
2166,2169,5.715897
2166,2194,10.546617
2168,2145,8.992747
2169,2194,6.747947
2169,2166,5.715897
2173,2132,13.742362
2175,2150,13.273409
2176,2133,13.574306
2179,2181,9.180293
2181,2179,9.180293
2182,2206,14.2979
2184,2222,14.104905
2188,2211,8.872931
2189,2152,10.986727
2192,2202,6.4646626
2194,2166,10.546617
2194,2169,6.747947
2201,2232,11.738045
2201,2163,10.536043
2202,2192,6.4646626
2204,2219,13.911603
2205,2224,9.5572
2205,2236,14.609974
2206,2182,14.2979
2207,2242,11.714632
2208,2241,14.86014
2209,2218,12.493145
2211,2188,8.872931
2218,2279,14.891089
2218,2209,12.493145
2219,2204,13.911603
2219,2246,9.843983
2222,2184,14.104905
2223,2225,6.921776
2223,2237,13.318958
2224,2236,5.1466107
2224,2205,9.5572
2225,2223,6.921776
2232,2201,11.738045
2236,2224,5.1466107
2236,2205,14.609974
2237,2223,13.318958
2240,2273,11.672618
2240,2248,4.442935
2241,2208,14.86014
2242,2207,11.714632
2246,2219,9.843983
2246,2264,8.842596
2248,2240,4.442935
2248,2273,7.2575126
2251,2286,11.54802
2253,2280,8.267213
2262,2314,13.439291
2263,2275,8.896363
2264,2246,8.842596
2267,2296,11.960535
2273,2240,11.672618
2273,2248,7.2575126
2274,2294,12.592608
2275,2263,8.896363
2278,2303,7.3627653
2279,2218,14.891089
2280,2253,8.267213
2280,2300,12.377115
2283,2312,9.23598
2286,2251,11.54802
2290,2323,10.5918255
2294,2274,12.592608
2296,2267,11.960535
2297,2301,13.923473
2299,2316,11.147351
2300,2280,12.377115
2300,2336,13.318292
2301,2334,14.304527
2301,2297,13.923473
2303,2278,7.3627653
2305,2326,10.732221
2306,2307,8.548701
2307,2306,8.548701
2311,2324,11.858467
2312,2283,9.23598
2314,2262,13.439291
2316,2299,11.147351
2322,2346,12.719739
2323,2290,10.5918255
2323,2353,9.512319
2324,2311,11.858467
2326,2365,12.636698
2326,2371,13.300167
2326,2305,10.732221
2332,2383,13.249358
2334,2375,14.93045
2334,2301,14.304527
2336,2402,14.99851
2336,2300,13.318292
2338,2361,6.4589853
2341,2394,13.311314
2346,2322,12.719739
2350,2362,11.726171
2353,2323,9.512319
2355,2398,11.519138
2357,2396,10.984151
2358,2377,11.92428
2361,2338,6.4589853
2362,2350,11.726171
2365,2326,12.636698
2367,2376,7.2121735
2371,2413,12.04554
2371,2326,13.300167
2375,2334,14.93045
2376,2367,7.2121735
2377,2358,11.92428
2380,2425,12.660689
2380,2386,14.844107
2380,2404,10.095544
2383,2332,13.249358
2386,2404,6.852798
2386,2380,14.844107
2386,2425,13.351892
2390,2427,13.798574
2392,2408,7.7296515
2394,2421,9.500615
2394,2341,13.311314
2395,2416,12.795635
2396,2357,10.984151
2398,2355,11.519138
2401,2440,12.453387
2402,2336,14.99851
2402,2418,7.772201
2404,2386,6.852798
2404,2425,7.115857
2404,2380,10.095544
2407,2428,5.8986125
2408,2392,7.7296515
2409,2450,14.124326
2413,2371,12.04554
2413,2444,12.745847
2414,2422,14.050642
2414,2434,7.863912
2416,2395,12.795635
2416,2470,14.895093
2418,2402,7.772201
2418,2433,11.559277
2421,2394,9.500615
2421,2449,7.70605
2422,2414,14.050642
2424,2466,13.01117
2425,2386,13.351892
2425,2404,7.115857
2425,2380,12.660689
2427,2390,13.798574
2428,2407,5.8986125
2430,2439,8.380501
2432,2457,8.341678
2433,2418,11.559277
2434,2414,7.863912
2435,2439,13.491262
2436,2456,7.333623
2439,2435,13.491262
2439,2430,8.380501
2440,2472,13.787591
2440,2401,12.453387
2442,2452,4.3421063
2444,2413,12.745847
2444,2494,14.10578
2447,2453,11.757372
2448,2468,11.200843
2449,2498,13.110043
2449,2421,7.70605
2449,2458,14.660503
2449,2476,8.424614
2450,2409,14.124326
2452,2442,4.3421063
2453,2447,11.757372
2456,2436,7.333623
2457,2459,11.87953
2457,2432,8.341678
2457,2495,12.04278
2458,2449,14.660503
2458,2476,12.298193
2459,2457,11.87953
2462,2482,7.4705963
2466,2424,13.01117
2466,2491,6.114614
2466,2477,14.177286
2468,2448,11.200843
2468,2501,8.498252
2470,2416,14.895093
2470,2517,13.8792925
2472,2440,13.787591
2475,2526,11.2249775
2476,2449,8.424614
2476,2498,5.624005
2476,2458,12.298193
2477,2466,14.177286
2477,2491,13.280836
2480,2523,10.237112
2480,2483,3.893103
2480,2510,7.429125
2481,2511,9.921258
2482,2462,7.4705963
2483,2480,3.893103
2483,2510,8.8917055
2483,2523,9.238376
2491,2477,13.280836
2491,2466,6.114614
2494,2444,14.10578
2495,2457,12.04278
2498,2449,13.110043
2498,2476,5.624005
2501,2468,8.498252
2506,2512,11.3070545
2507,2539,8.20101
2507,2544,14.217599
2508,2540,12.233754
2509,2525,8.468622
2510,2480,7.429125
2510,2523,5.8721256
2510,2483,8.8917055
2511,2481,9.921258
2512,2506,11.3070545
2513,2554,10.052102
2513,2541,13.416408
2513,2560,11.101802
2515,2532,4.862014
2515,2533,3.6530943
2515,2536,13.642519
2516,2551,8.374884
2517,2470,13.8792925
2522,2562,13.269446
2523,2510,5.8721256
2523,2483,9.238376
2523,2480,10.237112
2525,2509,8.468622
2526,2475,11.2249775
2532,2533,5.534313
2532,2515,4.862014
2533,2515,3.6530943
2533,2532,5.534313
2533,2536,11.644491
2536,2515,13.642519
2536,2533,11.644491
2539,2544,13.94713
2539,2507,8.20101
2539,2582,11.25353
2540,2508,12.233754
2541,2554,8.289235
2541,2560,14.39618
2541,2513,13.416408
2544,2507,14.217599
2544,2539,13.94713
2548,2552,10.824802
2549,2571,9.4415655
2550,2606,14.596905
2550,2588,10.16638
2551,2516,8.374884
2551,2594,11.208042
2552,2548,10.824802
2554,2513,10.052102
2554,2560,6.113762
2554,2541,8.289235
2556,2559,11.734002
2557,2592,10.682105
2558,2563,11.653547
2558,2585,13.669135
2559,2556,11.734002
2560,2554,6.113762
2560,2513,11.101802
2560,2541,14.39618
2562,2583,11.531597
2562,2522,13.269446
2563,2558,11.653547
2565,2618,12.65096
2568,2592,11.29317
2571,2549,9.4415655
2572,2579,8.828441
2574,2624,14.2886305
2574,2595,5.893735
2579,2572,8.828441
2582,2619,9.0443735
2582,2539,11.25353
2583,2562,11.531597
2584,2625,14.078971
2585,2558,13.669135
2586,2620,7.9940677
2587,2623,10.7354555
2588,2550,10.16638
2588,2606,5.0335712
2589,2605,11.435091
2592,2557,10.682105
2592,2631,10.857588
2592,2568,11.29317
2593,2622,13.320785
2594,2551,11.208042
2595,2574,5.893735
2595,2624,11.58604
2600,2641,10.598223
2604,2613,14.3822975
2605,2621,9.468978
2605,2589,11.435091
2606,2588,5.0335712
2606,2550,14.596905
2608,2636,12.480051
2613,2604,14.3822975
2616,2669,11.669577
2618,2565,12.65096
2619,2582,9.0443735
2620,2586,7.9940677
2621,2605,9.468978
2622,2593,13.320785
2622,2646,11.552322
2623,2587,10.7354555
2624,2595,11.58604
2624,2574,14.2886305
2625,2584,14.078971
2631,2655,12.392974
2631,2592,10.857588
2636,2608,12.480051
2636,2642,9.692321
2640,2662,7.7506113
2640,2715,14.895704
2641,2681,12.120457
2641,2600,10.598223
2642,2636,9.692321
2643,2680,7.167826
2643,2670,12.394321
2644,2705,12.92258
2644,2660,10.162093
2644,2676,8.941833
2646,2622,11.552322
2648,2662,14.436657
2648,2668,14.797364
2651,2685,13.165937
2655,2631,12.392974
2659,2695,7.189819
2660,2705,9.928142
2660,2676,5.151779
2660,2644,10.162093
2662,2648,14.436657
2662,2640,7.7506113
2662,2715,12.735808
2668,2648,14.797364
2669,2616,11.669577
2670,2680,11.143366
2670,2643,12.394321
2673,2691,14.068903
2675,2699,6.889154
2676,2644,8.941833
2676,2660,5.151779
2676,2705,5.3003364
2679,2697,11.917363
2680,2643,7.167826
2680,2718,10.714528
2680,2670,11.143366
2681,2641,12.120457
2684,2727,10.581427
2685,2651,13.165937
2691,2673,14.068903
2695,2659,7.189819
2696,2729,10.58206
2697,2679,11.917363
2699,2675,6.889154
2704,2721,5.253445
2705,2660,9.928142
2705,2732,11.665168
2705,2676,5.3003364
2705,2644,12.92258
2706,2710,13.952389
2708,2734,11.419728
2710,2706,13.952389
2714,2726,7.0357814
2715,2640,14.895704
2715,2662,12.735808
2716,2731,5.825292
2718,2680,10.714528
2721,2704,5.253445
2726,2714,7.0357814
2727,2684,10.581427
2729,2696,10.58206
2730,2737,10.717696
2731,2716,5.825292
2732,2705,11.665168
2733,2748,5.0364237
2734,2708,11.419728
2736,2759,9.0665245
2736,2743,10.633382
2737,2730,10.717696
2743,2736,10.633382
2743,2775,8.030648
2744,2768,7.72349
2747,2764,6.1905866
2748,2733,5.0364237
2751,2792,12.849982
2753,2768,10.7228565
2756,2773,9.568497
2757,2782,12.36528
2757,2772,4.7330294
2758,2795,12.691051
2759,2736,9.0665245
2759,2787,10.300383
2761,2780,5.522285
2764,2747,6.1905866
2765,2790,14.667262
2766,2796,11.441065
2768,2744,7.72349
2768,2753,10.7228565
2772,2757,4.7330294
2772,2782,14.589535
2773,2778,6.946196
2773,2756,9.568497
2773,2788,13.57727
2775,2743,8.030648
2775,2811,14.762512
2778,2773,6.946196
2778,2788,13.570459
2778,2812,14.096889
2780,2761,5.522285
2780,2808,13.00547
2782,2757,12.36528
2782,2772,14.589535
2783,2821,10.590397
2787,2822,10.092285
2787,2803,6.382309
2787,2759,10.300383
2787,2807,12.694408
2788,2812,13.249818
2788,2778,13.570459
2788,2773,13.57727
2790,2765,14.667262
2792,2751,12.849982
2793,2819,10.350886
2795,2758,12.691051
2796,2828,10.78145
2796,2766,11.441065
2797,2814,13.701147
2803,2787,6.382309
2803,2807,8.374612
2803,2822,7.3882866
2804,2846,10.003539
2806,2826,11.005112
2807,2803,8.374612
2807,2787,12.694408
2808,2842,14.468386
2808,2825,6.030605
2808,2780,13.00547
2808,2854,11.063352
2809,2836,5.8508754
2811,2775,14.762512
2811,2865,13.869735
2812,2856,14.446221
2812,2778,14.096889
2812,2788,13.249818
2814,2797,13.701147
2815,2840,8.834742
2819,2793,10.350886
2821,2870,14.301015
2821,2783,10.590397
2822,2787,10.092285
2822,2803,7.3882866
2825,2808,6.030605
2825,2854,10.870993
2825,2842,8.446819
2826,2806,11.005112
2826,2827,11.265403
2827,2839,8.768275
2827,2826,11.265403
2828,2796,10.78145
2836,2809,5.8508754
2839,2827,8.768275
2839,2854,10.607498
2840,2815,8.834742
2842,2854,14.889243
2842,2825,8.446819
2842,2808,14.468386
2846,2804,10.003539
2846,2881,12.213774
2849,2853,6.055938
2849,2883,12.7805805
2852,2878,8.544801
2853,2883,11.346956
2853,2849,6.055938
2854,2808,11.063352
2854,2825,10.870993
2854,2842,14.889243
2854,2839,10.607498
2856,2812,14.446221
2865,2811,13.869735
2870,2821,14.301015
2874,2924,14.265879
2874,2906,10.027133
2878,2852,8.544801
2881,2904,8.942587
2881,2925,11.774039
2881,2846,12.213774
2883,2849,12.7805805
2883,2853,11.346956
2885,2906,13.1212015
2885,2894,10.326312
2885,2924,12.786256
2885,2918,14.171095
2886,2916,12.742933
2891,2919,6.2451134
2891,2892,8.776421
2892,2891,8.776421
2892,2919,9.815314
2894,2885,10.326312
2894,2918,5.501808
2899,2917,5.6569853
2900,2934,7.2320437
2901,2933,6.8870935
2902,2907,6.6682863
2902,2967,14.195597
2904,2925,10.602755
2904,2881,8.942587
2904,2939,12.966838
2906,2924,4.3629003
2906,2874,10.027133
2906,2885,13.1212015
2907,2902,6.6682863
2907,2967,13.921191
2908,2949,11.029924
2915,2927,11.730999
2916,2886,12.742933
2917,2899,5.6569853
2918,2885,14.171095
2918,2894,5.501808
2919,2891,6.2451134
2919,2892,9.815314
2924,2885,12.786256
2924,2906,4.3629003
2924,2874,14.265879
2925,2904,10.602755
2925,2881,11.774039
2926,2952,10.617258
2926,2946,6.002893
2927,2915,11.730999
2931,2976,14.586842
2933,2901,6.8870935
2934,2900,7.2320437
2939,2904,12.966838
2944,2979,11.045921
2946,2952,8.843362
2946,2926,6.002893
2949,2908,11.029924
2950,2998,11.040544
2950,2982,9.552486
2951,2985,8.558232
2952,2946,8.843362
2952,2926,10.617258
2960,2974,9.794453
2964,3001,11.410057
2965,2966,8.624835
2966,2965,8.624835
2967,2907,13.921191
2967,3018,13.299674
2967,2902,14.195597
2968,2997,9.846191
2972,2996,7.884417
2974,2960,9.794453
2976,2931,14.586842
2978,2983,5.8700747
2979,2944,11.045921
2982,2998,10.658996
2982,2994,13.584228
2982,2950,9.552486
2982,3019,14.702451
2982,3011,6.8383255
2983,2978,5.8700747
2985,2951,8.558232
2986,3013,11.518444
2994,3011,14.65665
2994,2982,13.584228
2996,2972,7.884417
2997,2968,9.846191
2998,3019,5.4796906
2998,3011,10.075271
2998,2982,10.658996
2998,2950,11.040544
2998,3048,14.511806
3001,2964,11.410057
3001,3034,10.913098
3003,3022,11.86472
3005,3028,14.981525
3009,3038,10.5015335
3009,3017,13.186504
3011,3054,11.291322
3011,2998,10.075271
3011,3019,11.468295
3011,2982,6.8383255
3011,3048,12.077961
3011,2994,14.65665
3013,2986,11.518444
3017,3038,9.846901
3017,3009,13.186504
3018,3022,13.11566
3018,2967,13.299674
3019,3048,10.476676
3019,3011,11.468295
3019,2998,5.4796906
3019,2982,14.702451
3022,3003,11.86472
3022,3018,13.11566
3028,3005,14.981525
3029,3059,12.65733
3034,3050,5.7142367
3034,3082,14.887663
3034,3001,10.913098
3035,3064,10.463634
3037,3061,9.219643
3038,3009,10.5015335
3038,3017,9.846901
3042,3053,12.076868
3048,2998,14.511806
3048,3019,10.476676
3048,3011,12.077961
3048,3054,6.0443187
3050,3082,10.711676
3050,3034,5.7142367
3050,3079,12.233651
3053,3096,13.898734
3053,3042,12.076868
3054,3048,6.0443187
3054,3011,11.291322
3058,3088,12.603799
3059,3029,12.65733
3059,3089,13.64015
3060,3090,10.539593
3061,3037,9.219643
3062,3087,12.088731
3064,3104,11.410483
3064,3035,10.463634
3065,3066,7.579112
3066,3065,7.579112
3068,3084,13.47179
3069,3108,14.376773
3073,3075,10.469395
3075,3073,10.469395
3079,3050,12.233651
3079,3082,5.837998
3082,3079,5.837998
3082,3034,14.887663
3082,3050,10.711676
3084,3068,13.47179
3087,3062,12.088731
3088,3058,12.603799
3089,3059,13.64015
3090,3060,10.539593
3093,3106,7.7134657
3094,3132,9.934669
3096,3053,13.898734
3104,3064,11.410483
3104,3140,10.679528
3104,3113,14.657647
3105,3116,8.964375
3106,3093,7.7134657
3108,3069,14.376773
3108,3141,11.890009
3109,3121,7.1934433
3113,3104,14.657647
3116,3105,8.964375
3117,3134,4.517583
3117,3160,14.149594
3120,3138,10.835704
3121,3109,7.1934433
3122,3156,10.987152
3123,3152,7.883336
3128,3137,14.852149
3132,3094,9.934669
3133,3159,8.316307
3134,3117,4.517583
3134,3160,10.001942
3137,3128,14.852149
3138,3120,10.835704
3140,3104,10.679528
3141,3162,9.272072
3141,3108,11.890009
3141,3181,12.040243
3144,3194,14.120031
3146,3184,12.369734
3151,3206,14.163321
3152,3123,7.883336
3154,3188,12.987029
3155,3211,12.037556
3156,3182,10.369523
3156,3122,10.987152
3157,3169,9.003043
3159,3133,8.316307
3159,3166,12.501913
3160,3134,10.001942
3160,3117,14.149594
3161,3185,10.08593
3162,3141,9.272072
3162,3181,12.577292
3165,3170,12.33876
3166,3159,12.501913
3169,3157,9.003043
3170,3165,12.33876
3173,3200,9.021962
3176,3210,9.806176
3181,3162,12.577292
3181,3141,12.040243
3181,3188,6.052856
3182,3156,10.369523
3184,3146,12.369734
3184,3222,11.536109
3185,3161,10.08593
3186,3219,12.163435
3188,3154,12.987029
3188,3181,6.052856
3189,3213,12.169394
3194,3144,14.120031
3194,3209,10.124379
3200,3173,9.021962
3200,3218,10.340404
3202,3216,10.920165
3203,3238,12.834084
3204,3207,8.812271
3206,3151,14.163321
3207,3204,8.812271
3208,3245,12.7617855
3209,3194,10.124379
3210,3176,9.806176
3211,3155,12.037556
3212,3244,13.29796
3213,3189,12.169394
3216,3202,10.920165
3218,3200,10.340404
3219,3186,12.163435
3222,3184,11.536109
3234,3255,14.341251
3236,3269,13.072066
3236,3252,6.136143
3237,3241,8.264351
3238,3203,12.834084
3241,3237,8.264351
3241,3258,11.084457
3244,3251,12.537799
3244,3212,13.29796
3245,3208,12.7617855
3247,3280,14.193215
3251,3244,12.537799
3252,3236,6.136143
3252,3269,7.1212897
3255,3234,14.341251
3258,3241,11.084457
3260,3273,9.715764
3261,3262,9.35941
3262,3261,9.35941
3264,3320,12.54772
3264,3289,6.3678207
3265,3296,8.768403
3269,3252,7.1212897
3269,3236,13.072066
3269,3308,8.232603
3270,3276,9.601392
3272,3312,10.077451
3273,3260,9.715764
3274,3303,7.21138
3274,3282,8.910296
3276,3277,6.9164705
3276,3270,9.601392
3277,3276,6.9164705
3278,3288,12.170606
3280,3247,14.193215
3281,3323,12.798878
3282,3303,7.804402
3282,3274,8.910296
3284,3295,9.901142
3286,3330,9.004967
3288,3278,12.170606
3289,3264,6.3678207
3289,3320,6.556968
3291,3331,12.300649
3292,3306,11.854632
3295,3284,9.901142
3296,3265,8.768403
3298,3299,8.355864
3299,3298,8.355864
3303,3274,7.21138
3303,3282,7.804402
3305,3321,11.045735
3306,3292,11.854632
3308,3269,8.232603
3309,3356,14.4103
3312,3272,10.077451
3315,3352,12.373863
3320,3264,12.54772
3320,3289,6.556968
3321,3305,11.045735
3323,3281,12.798878
3330,3286,9.004967
3331,3358,9.0943365
3331,3291,12.300649
3342,3357,6.3905597
3343,3349,12.845833
3349,3343,12.845833
3352,3315,12.373863
3353,3398,14.152599
3355,3384,8.029987
3356,3309,14.4103
3357,3391,11.038307
3357,3342,6.3905597
3358,3331,9.0943365
3358,3367,10.737551
3359,3380,7.5605507
3360,3373,5.860703
3367,3358,10.737551
3373,3360,5.860703
3380,3359,7.5605507
3384,3355,8.029987
3384,3420,11.767371
3387,3427,12.968221
3388,3401,7.8518167
3389,3429,12.814978
3391,3357,11.038307
3398,3353,14.152599
3401,3388,7.8518167
3402,3444,10.555705
3411,3438,8.802599
3412,3440,7.9142313
3420,3384,11.767371
3422,3452,6.576112
3425,3441,13.415722
3426,3453,11.052981
3427,3387,12.968221
3427,3454,10.0
3429,3389,12.814978
3433,3481,13.854657
3438,3411,8.802599
3438,3465,6.6187935
3440,3412,7.9142313
3441,3425,13.415722
3444,3402,10.555705
3451,3482,13.13589
3452,3422,6.576112
3453,3473,8.916195
3453,3426,11.052981
3454,3427,10.0
3460,3470,11.315408
3465,3438,6.6187935
3466,3501,13.775886
3466,3484,12.369326
3469,3490,12.102173
3470,3460,11.315408
3473,3510,11.5497875
3473,3453,8.916195
3478,3517,12.25839
3481,3433,13.854657
3482,3451,13.13589
3483,3491,14.982969
3484,3466,12.369326
3484,3501,5.6394606
3490,3469,12.102173
3491,3483,14.982969
3492,3524,14.234382
3496,3503,7.1564507
3501,3484,5.6394606
3501,3466,13.775886
3502,3526,14.27118
3503,3496,7.1564507
3510,3473,11.5497875
3512,3522,7.2560105
3517,3478,12.25839
3518,3546,11.458719
3518,3539,6.830225
3522,3512,7.2560105
3524,3492,14.234382
3526,3502,14.27118
3535,3560,12.767553
3535,3564,12.202715
3536,3547,5.354094
3538,3573,10.300275
3539,3550,12.340003
3539,3546,5.3767996
3539,3518,6.830225
3543,3548,12.449143
3543,3575,10.148697
3546,3518,11.458719
3546,3600,14.9139
3546,3550,7.017417
3546,3539,5.3767996
3547,3536,5.354094
3548,3543,12.449143
3550,3600,14.129363
3550,3539,12.340003
3550,3546,7.017417
3558,3608,13.4037
3560,3535,12.767553
3561,3602,9.022785
3562,3579,13.469493
3563,3599,13.357666
3564,3592,11.571649
3564,3565,10.9339285
3564,3535,12.202715
3565,3592,6.921881
3565,3564,10.9339285
3572,3589,9.002413
3573,3538,10.300275
3573,3583,13.508875
3574,3603,7.045652
3574,3608,13.559394
3575,3543,10.148697
3577,3611,11.869233
3579,3562,13.469493
3583,3573,13.508875
3589,3572,9.002413
3590,3607,4.1675
3591,3623,11.893604
3591,3601,9.529694
