Object,Neighbor,Distance
1,21,57.395554
1,4,57.53075
1,25,68.233154
1,3,60.008446
1,15,67.73449
2,6,66.57617
2,5,74.214874
3,8,70.63412
3,1,60.008446
3,21,73.21286
3,19,66.25036
3,15,36.421085
3,38,73.28068
4,1,57.53075
4,25,64.24948
4,17,39.79268
5,7,64.16887
5,29,64.41954
5,18,40.75144
5,9,44.911606
5,2,74.214874
6,32,49.491695
6,16,62.610443
6,2,66.57617
6,50,69.12998
7,18,67.41747
7,52,74.54998
7,29,60.21672
7,31,51.86544
7,5,64.16887
7,9,26.70709
8,19,32.443127
8,28,40.05748
8,39,53.52211
8,47,61.39343
8,3,70.63412
8,55,72.03732
9,7,26.70709
9,18,40.719368
9,52,62.300644
9,31,44.765404
9,5,44.911606
9,29,38.542187
9,51,72.49517
10,36,54.733753
10,11,14.986632
10,12,36.029636
10,24,56.71409
10,48,74.243744
10,26,73.5612
11,10,14.986632
11,24,70.01785
11,12,21.2618
11,36,47.451797
12,10,36.029636
12,36,39.612175
12,11,21.2618
13,14,64.21257
13,17,72.91248
13,37,47.200375
13,30,37.17078
13,40,68.4931
13,58,70.589035
13,57,68.008835
14,20,32.41535
14,30,39.369125
14,40,36.99155
14,35,44.585873
14,58,69.85938
14,13,64.21257
14,49,49.262733
15,38,39.95006
15,21,48.539547
15,3,36.421085
15,19,55.12939
15,1,67.73449
15,67,69.71985
16,56,57.48906
16,45,45.628407
16,69,72.35396
16,22,15.44
16,6,62.610443
16,32,69.03255
17,13,72.91248
17,21,67.48422
17,4,39.79268
17,25,41.535202
18,5,40.75144
18,29,29.885723
18,9,40.719368
18,43,42.128696
18,51,42.49567
18,31,59.84792
18,52,62.528618
18,7,67.41747
19,8,32.443127
19,55,44.28782
19,47,42.363052
19,28,29.655224
19,39,46.818054
19,3,66.25036
19,38,47.23396
19,67,68.50404
19,15,55.12939
20,14,32.41535
20,70,66.24773
20,60,61.623917
20,49,38.739914
20,40,46.259075
20,35,23.952394
20,30,65.562546
21,15,48.539547
21,25,29.214598
21,1,57.395554
21,17,67.48422
21,38,65.20107
21,75,61.919464
21,3,73.21286
22,45,31.88066
22,32,72.24836
22,56,48.98308
22,69,58.42086
22,39,66.838264
22,16,15.44
23,33,36.067905
24,10,56.71409
24,26,17.495998
24,61,45.827343
24,62,64.11175
24,44,26.76456
24,48,29.231224
24,11,70.01785
25,1,68.233154
25,4,64.24948
25,21,29.214598
25,75,56.153347
25,17,41.535202
26,44,18.449984
26,24,17.495998
26,48,31.942722
26,62,50.31998
26,61,44.596764
26,88,74.95814
26,10,73.5612
27,64,45.27859
27,34,25.242092
27,63,57.936462
28,8,40.05748
28,68,58.373257
28,39,17.246708
28,38,66.31728
28,19,29.655224
28,47,22.021187
28,55,38.573112
29,71,51.46485
29,51,36.346275
29,52,33.023182
29,31,32.094086
29,5,64.41954
29,18,29.885723
29,7,60.21672
29,43,54.91339
29,9,38.542187
30,37,38.313686
30,13,37.17078
30,40,31.366503
30,14,39.369125
30,49,57.4365
30,57,47.464787
30,58,41.689224
30,35,64.49877
30,20,65.562546
30,78,67.61437
31,9,44.765404
31,52,23.767094
31,71,50.745785
31,51,62.301914
31,18,59.84792
31,29,32.094086
31,7,51.86544
32,84,61.44107
32,16,69.03255
32,56,50.503235
32,79,63.897446
32,46,57.87838
32,6,49.491695
32,50,19.645105
32,54,66.44691
32,53,33.28082
32,45,71.15886
33,23,36.067905
33,85,62.323544
33,62,64.56698
34,27,25.242092
34,63,69.59186
34,64,44.96464
34,77,70.59419
35,14,44.585873
35,70,47.594337
35,49,17.146627
35,40,36.299026
35,30,64.49877
35,60,50.559902
35,20,23.952394
35,58,67.90336
35,78,68.66755
36,10,54.733753
36,12,39.612175
36,11,47.451797
36,82,66.18117
37,13,47.200375
37,40,56.07128
37,57,23.174938
37,58,33.672688
37,30,38.313686
37,73,51.054447
37,76,66.37767
37,78,60.812393
38,15,39.95006
38,55,44.697674
38,47,62.31919
38,67,30.761864
38,21,65.20107
38,19,47.23396
38,28,66.31728
38,3,73.28068
39,68,46.631706
39,47,21.102877
39,55,43.099426
39,28,17.246708
39,19,46.818054
39,45,64.24614
39,8,53.52211
39,22,66.838264
39,69,69.69123
40,49,26.257225
40,30,31.366503
40,58,36.113884
40,35,36.299026
40,14,36.99155
40,20,46.259075
40,78,49.84113
40,57,51.07634
40,37,56.07128
40,13,68.4931
41,81,68.96803
41,77,54.94387
41,72,38.21787
42,65,53.12072
43,18,42.128696
43,51,29.490496
43,54,48.177513
43,80,55.54556
43,46,53.936348
43,29,54.91339
43,74,65.976715
44,48,18.77223
44,24,26.76456
44,61,26.987637
44,62,38.093563
44,26,18.449984
44,88,56.71285
45,90,51.144184
45,39,64.24614
45,56,27.170757
45,69,26.729977
45,79,49.019352
45,22,31.88066
45,16,45.628407
45,50,70.14659
45,32,71.15886
45,84,73.64503
46,54,9.233442
46,50,55.557777
46,80,40.566372
46,74,30.289227
46,32,57.87838
46,87,60.93628
46,53,30.20054
46,43,53.936348
46,103,72.31422
47,8,61.39343
47,68,39.0907
47,55,22.215744
47,39,21.102877
47,38,62.31919
47,28,22.021187
47,19,42.363052
47,67,63.833736
48,10,74.243744
48,26,31.942722
48,24,29.231224
48,44,18.77223
48,61,17.221945
48,104,72.79267
48,62,50.183086
48,88,47.50131
49,35,17.146627
49,20,38.739914
49,40,26.257225
49,14,49.262733
49,78,51.541214
49,70,49.668507
49,58,52.38965
49,30,57.4365
49,60,59.53219
49,57,69.266495
50,32,19.645105
50,53,25.685617
50,56,44.83168
50,46,55.557777
50,74,60.852825
50,79,49.62574
50,84,42.43089
50,54,62.59581
50,87,67.99505
50,6,69.12998
51,92,53.90739
51,18,42.49567
51,43,29.490496
51,29,36.346275
51,52,48.338974
51,71,46.130978
51,31,62.301914
51,80,69.30256
51,9,72.49517
51,54,73.33813
52,29,33.023182
52,31,23.767094
52,71,27.012491
52,51,48.338974
52,9,62.300644
52,18,62.528618
52,92,62.69341
52,7,74.54998
53,46,30.20054
53,74,38.53299
53,54,36.91594
53,32,33.28082
53,50,25.685617
53,84,54.70002
53,56,70.3352
53,87,55.678925
53,80,57.58581
53,79,70.66309
54,74,25.62815
54,46,9.233442
54,80,32.26217
54,103,66.36891
54,53,36.91594
54,43,48.177513
54,32,66.44691
54,87,57.7098
54,50,62.59581
54,51,73.33813
55,19,44.28782
55,67,41.65219
55,47,22.215744
55,39,43.099426
55,38,44.697674
55,28,38.573112
55,68,46.464584
55,8,72.03732
56,79,28.174194
56,45,27.170757
56,69,33.707207
56,50,44.83168
56,84,48.404755
56,22,48.98308
56,90,49.514614
56,32,50.503235
56,16,57.48906
56,53,70.3352
57,58,16.958525
57,37,23.174938
57,73,44.084877
57,78,38.950726
57,30,47.464787
57,13,68.008835
57,105,65.489006
57,40,51.07634
57,76,65.43748
57,102,68.42613
58,102,62.38166
58,37,33.672688
58,57,16.958525
58,30,41.689224
58,40,36.113884
58,78,28.801334
58,73,59.723385
58,49,52.38965
58,35,67.90336
58,14,69.85938
59,83,48.011017
59,93,70.07818
59,107,70.7768
59,100,65.76522
59,66,37.020447
59,99,58.06076
59,64,66.721596
59,63,35.250183
60,20,61.623917
60,49,59.53219
60,70,22.951544
60,35,50.559902
60,81,43.03369
60,86,35.28369
60,108,65.65686
60,94,72.59335
61,48,17.221945
61,44,26.987637
61,88,30.950665
61,24,45.827343
61,62,42.97542
61,26,44.596764
61,104,55.612854
61,96,69.94226
62,26,50.31998
62,44,38.093563
62,85,43.885124
62,96,44.133987
62,61,42.97542
62,48,50.183086
62,88,55.240326
62,24,64.11175
62,104,64.05365
62,33,64.56698
63,93,40.96502
63,64,32.360695
63,59,35.250183
63,27,57.936462
63,34,69.59186
63,66,68.42398
63,99,63.00194
63,83,72.71387
64,93,40.09306
64,27,45.27859
64,34,44.96464
64,63,32.360695
64,59,66.721596
65,42,53.12072
66,107,51.65883
66,59,37.020447
66,83,19.189644
66,91,66.03004
66,99,51.862087
66,100,40.543938
66,63,68.42398
67,55,41.65219
67,75,73.60222
67,15,69.71985
67,38,30.761864
67,19,68.50404
67,47,63.833736
68,45,74.16893
68,39,46.631706
68,90,64.05802
68,55,46.464584
68,109,52.581417
68,69,61.30552
68,28,58.373257
68,47,39.0907
69,79,37.484497
69,22,58.42086
69,90,24.756039
69,45,26.729977
69,56,33.707207
69,68,61.30552
69,109,67.0526
69,84,64.57687
69,39,69.69123
69,16,72.35396
70,49,49.668507
70,60,22.951544
70,108,59.569893
70,81,51.820568
70,86,33.046444
70,35,47.594337
70,20,66.24773
71,31,50.745785
71,29,51.46485
71,51,46.130978
71,52,27.012491
71,92,36.81028
72,77,44.626617
72,41,38.21787
72,110,56.562035
72,94,38.113815
72,86,66.57324
72,81,42.71014
72,108,71.742165
73,89,42.46672
73,76,23.854824
73,105,42.878258
73,57,44.084877
73,37,51.054447
73,58,59.723385
73,78,68.44459
73,127,72.033226
74,80,20.285055
74,43,65.976715
74,46,30.289227
74,50,60.852825
74,117,65.3207
74,53,38.53299
74,103,42.203175
74,54,25.62815
74,87,32.29611
74,84,68.61978
75,25,56.153347
75,21,61.919464
75,101,41.191566
75,89,62.724068
75,76,72.760765
75,67,73.60222
76,37,66.37767
76,115,62.747208
76,89,23.559286
76,57,65.43748
76,101,72.59493
76,73,23.854824
76,105,57.20726
76,75,72.760765
76,131,74.138115
77,72,44.626617
77,34,70.59419
77,94,70.882996
77,41,54.94387
78,102,34.451447
78,57,38.950726
78,112,53.0027
78,49,51.541214
78,58,28.801334
78,40,49.84113
78,37,60.812393
78,105,64.006546
78,30,67.61437
78,73,68.44459
79,56,28.174194
79,32,63.897446
79,84,27.102283
79,90,36.637157
79,125,65.252785
79,45,49.019352
79,69,37.484497
79,50,49.62574
79,53,70.66309
80,54,32.26217
80,103,39.004044
80,74,20.285055
80,46,40.566372
80,87,41.405884
80,43,55.54556
80,53,57.58581
80,117,65.08285
80,51,69.30256
80,118,70.21999
81,110,49.56966
81,94,29.813086
81,41,68.96803
81,60,43.03369
81,70,51.820568
81,72,42.71014
81,86,23.90919
81,108,38.62558
82,36,66.18117
82,106,29.367672
82,123,61.70345
82,119,60.29168
83,59,48.011017
83,91,58.162296
83,99,37.475853
83,100,21.386236
83,107,32.826214
83,138,74.83091
83,66,19.189644
83,63,72.71387
84,50,42.43089
84,79,27.102283
84,87,54.17914
84,56,48.404755
84,53,54.70002
84,90,59.78968
84,32,61.44107
84,125,64.15495
84,69,64.57687
84,74,68.61978
85,33,62.323544
85,96,28.115128
85,116,56.832607
85,142,70.476265
85,104,74.63825
85,62,43.885124
86,81,23.90919
86,108,30.376198
86,60,35.28369
86,94,45.474174
86,72,66.57324
86,110,58.780685
86,70,33.046444
87,74,32.29611
87,103,24.046755
87,117,37.04447
87,80,41.405884
87,84,54.17914
87,53,55.678925
87,46,60.93628
87,54,57.7098
87,151,65.427
87,50,67.99505
88,62,55.240326
88,104,27.053066
88,48,47.50131
88,44,56.71285
88,120,53.504807
88,61,30.950665
88,96,59.715088
88,133,60.68215
88,148,72.24845
88,26,74.95814
89,115,40.436604
89,73,42.46672
89,76,23.559286
89,101,51.761475
89,131,54.945023
89,105,59.705845
89,75,62.724068
89,127,71.7792
89,128,68.361404
90,79,36.637157
90,69,24.756039
90,109,49.513596
90,56,49.514614
90,125,58.761963
90,84,59.78968
90,45,51.144184
90,68,64.05802
91,107,65.8288
91,66,66.03004
91,138,66.62967
91,100,54.532253
91,83,58.162296
92,118,58.796543
92,143,62.953503
92,51,53.90739
92,52,62.69341
92,71,36.81028
93,59,70.07818
93,147,62.196575
93,99,60.971325
93,63,40.96502
93,152,69.20717
93,64,40.09306
94,108,36.7195
94,110,22.11628
94,81,29.813086
94,72,38.113815
94,86,45.474174
94,60,72.59335
94,77,70.882996
95,111,36.400593
95,146,59.369595
96,104,47.674942
96,85,28.115128
96,140,57.486225
96,62,44.133987
96,88,59.715088
96,142,59.984497
96,120,62.498928
96,116,59.93618
96,61,69.94226
96,133,74.77591
97,141,59.84642
97,135,47.054417
98,124,66.53177
98,132,42.87636
98,113,36.638363
98,136,72.55855
99,93,60.971325
99,138,68.73689
99,83,37.475853
99,107,22.435823
99,66,51.862087
99,100,30.677782
99,63,63.00194
99,59,58.06076
100,83,21.386236
100,107,14.25663
100,66,40.543938
100,91,54.532253
100,59,65.76522
100,138,53.999687
100,99,30.677782
101,76,72.59493
101,115,45.060497
101,75,41.191566
101,89,51.761475
101,131,65.35114
101,128,39.154625
102,57,68.42613
102,126,57.065887
102,112,24.747927
102,105,57.22028
102,144,53.88081
102,78,34.451447
102,58,62.38166
102,127,74.597084
102,163,74.77052
103,87,24.046755
103,117,26.193432
103,80,39.004044
103,151,52.311733
103,54,66.36891
103,118,54.55054
103,74,42.203175
103,46,72.31422
104,61,55.612854
104,96,47.674942
104,120,28.385717
104,148,50.649784
104,62,64.05365
104,133,38.11877
104,140,48.061684
104,88,27.053066
104,48,72.79267
104,139,73.95249
105,73,42.878258
105,112,42.063374
105,76,57.20726
105,89,59.705845
105,102,57.22028
105,127,33.135197
105,131,62.132523
105,144,57.43707
105,78,64.006546
105,57,65.489006
106,82,29.367672
106,119,31.467422
106,123,36.899128
106,159,60.924477
106,129,56.379345
107,99,22.435823
107,100,14.25663
107,166,65.917564
107,66,51.65883
107,138,49.026657
107,83,32.826214
107,91,65.8288
107,59,70.7768
108,60,65.65686
108,110,37.579224
108,94,36.7195
108,86,30.376198
108,81,38.62558
108,72,71.742165
108,149,58.362423
108,70,59.569893
109,90,49.513596
109,68,52.581417
109,164,59.32544
109,125,69.30586
109,69,67.0526
110,81,49.56966
110,86,58.780685
110,108,37.579224
110,94,22.11628
110,137,66.39084
110,72,56.562035
111,95,36.400593
111,185,68.51282
111,146,39.307156
111,141,54.341156
111,161,61.765625
111,135,73.66834
112,105,42.063374
112,126,62.94478
112,144,31.91432
112,102,24.747927
112,127,51.383736
112,172,61.80193
112,78,53.0027
112,163,69.62341
113,132,38.545403
113,171,60.036587
113,98,36.638363
113,136,36.02342
113,134,53.63277
113,174,62.945568
114,153,35.895115
114,145,37.81293
114,116,63.446053
114,160,64.22457
115,182,53.239536
115,76,62.747208
115,131,20.997524
115,128,34.518017
115,127,60.033813
115,89,40.436604
115,101,45.060497
115,105,68.52617
115,179,72.38228
116,85,56.832607
116,96,59.93618
116,142,30.911934
116,153,50.272614
116,114,63.446053
116,140,73.370255
117,87,37.04447
117,103,26.193432
117,151,28.484035
117,168,56.350906
117,162,59.600967
117,118,60.957016
117,80,65.08285
117,74,65.3207
118,158,54.143997
118,103,54.55054
118,92,58.796543
118,183,63.991142
118,80,70.21999
118,117,60.957016
118,151,63.902905
118,143,74.33098
119,123,33.6909
119,82,60.29168
119,106,31.467422
119,196,71.63121
119,159,31.286877
119,129,55.973423
119,143,55.86664
119,169,74.47737
120,88,53.504807
120,140,29.215408
120,133,12.283017
120,148,24.387396
120,104,28.385717
120,139,61.82882
120,96,62.498928
120,142,74.774475
121,188,69.40232
121,187,57.795353
121,156,42.427586
122,157,35.951485
122,134,26.316696
122,175,48.116913
122,130,30.636026
122,136,49.172073
122,181,56.27521
122,171,71.94669
122,150,57.0613
123,119,33.6909
123,169,48.794903
123,139,45.147755
123,129,22.67693
123,159,43.25046
123,82,61.70345
123,106,36.899128
124,178,51.281525
124,98,66.53177
124,155,32.09692
124,132,54.21661
125,84,64.15495
125,90,58.761963
125,199,60.38668
125,109,69.30586
125,162,58.51438
125,79,65.252785
125,168,69.31468
126,112,62.94478
126,167,35.30196
126,149,36.930805
126,102,57.065887
126,163,31.842453
126,144,64.74057
126,172,73.8834
127,131,44.425533
127,105,33.135197
127,144,45.473022
127,182,61.217827
127,112,51.383736
127,172,63.090687
127,115,60.033813
127,179,49.16207
127,89,71.7792
127,73,72.033226
128,101,39.154625
128,131,44.766247
128,115,34.518017
128,182,55.172916
128,184,47.462368
128,89,68.361404
129,123,22.67693
129,169,33.938225
129,139,22.500648
129,106,56.379345
129,119,55.973423
129,159,58.073605
129,203,66.699234
129,148,69.69849
129,209,70.1595
129,133,73.79334
130,193,59.37797
130,134,55.18398
130,150,27.669138
130,122,30.636026
130,157,23.490763
130,175,47.822464
130,181,70.79958
131,115,20.997524
131,182,36.687042
131,128,44.766247
131,179,51.641216
131,127,44.425533
131,89,54.945023
131,105,62.132523
131,101,65.35114
131,213,71.45643
131,76,74.138115
132,136,58.942448
132,98,42.87636
132,113,38.545403
132,124,54.21661
132,174,38.652
132,178,59.81785
132,171,61.739002
132,155,69.246895
133,148,12.624844
133,88,60.68215
133,140,35.603683
133,104,38.11877
133,139,51.760136
133,120,12.283017
133,202,66.04562
133,169,73.53643
133,129,73.79334
133,96,74.77591
134,181,42.461906
134,171,48.230495
134,136,23.003098
134,175,50.858242
134,122,26.316696
134,157,51.591682
134,113,53.63277
134,130,55.18398
134,197,64.74439
135,192,65.2519
135,111,73.66834
135,161,40.165413
135,97,47.054417
135,141,23.826033
136,122,49.172073
136,171,34.245827
136,134,23.003098
136,181,45.170914
136,113,36.02342
136,197,57.176014
136,132,58.942448
136,174,60.270863
136,175,65.46364
136,157,72.18095
137,165,62.0423
137,206,63.421986
137,170,30.121498
137,110,66.39084
138,166,30.00422
138,107,49.026657
138,100,53.999687
138,91,66.62967
138,83,74.83091
138,207,72.576805
138,99,68.73689
139,133,51.760136
139,123,45.147755
139,169,32.385612
139,203,60.937286
139,148,47.19808
139,129,22.500648
139,120,61.82882
139,202,73.29133
139,209,73.94143
139,104,73.95249
140,116,73.370255
140,148,41.06501
140,142,47.304573
140,133,35.603683
140,96,57.486225
140,120,29.215408
140,104,48.061684
141,192,50.32396
141,111,54.341156
141,161,21.817293
141,97,59.84642
141,185,71.135506
141,146,68.82311
141,204,67.39526
141,135,23.826033
142,201,62.532967
142,116,30.911934
142,96,59.984497
142,140,47.304573
142,153,66.62548
142,85,70.476265
142,120,74.774475
143,92,62.953503
143,176,42.003727
143,119,55.86664
143,159,62.164993
143,158,37.843082
143,196,61.10007
143,183,65.62087
143,118,74.33098
144,172,30.251932
144,112,31.91432
144,127,45.473022
144,102,53.88081
144,105,57.43707
144,126,64.74057
144,212,65.422554
144,163,55.65686
144,179,69.90839
145,153,53.868958
145,186,46.902523
145,188,60.02722
145,160,28.37847
145,114,37.81293
146,185,36.066628
146,161,62.6468
146,204,61.943146
146,141,68.82311
146,156,58.86214
146,95,59.369595
146,111,39.307156
146,192,69.152985
147,165,37.60944
147,195,51.02188
147,226,72.02648
147,152,13.786473
147,93,62.196575
147,177,30.594845
148,120,24.387396
148,140,41.06501
148,133,12.624844
148,139,47.19808
148,104,50.649784
148,169,64.3353
148,202,53.86501
148,129,69.69849
148,88,72.24845
148,203,74.11259
149,163,48.050297
149,126,36.930805
149,108,58.362423
149,167,27.903212
149,198,59.632126
150,122,57.0613
150,157,31.02477
150,130,27.669138
150,193,40.544846
150,175,52.8422
151,211,57.053295
151,103,52.311733
151,117,28.484035
151,168,39.94164
151,162,47.805527
151,118,63.902905
151,87,65.427
152,170,74.38437
152,147,13.786473
152,195,43.481003
152,226,67.75873
152,93,69.20717
152,165,24.21501
152,177,27.068108
153,114,35.895115
153,210,57.25018
153,145,53.868958
153,116,50.272614
153,142,66.62548
153,186,67.07981
153,201,68.254944
153,215,68.91162
153,160,68.95304
153,227,71.28446
154,200,45.627403
154,180,53.462227
154,205,70.91679
155,124,32.09692
155,178,30.880348
155,219,70.32167
155,132,69.246895
156,185,70.37038
156,121,42.427586
156,216,68.04236
156,146,58.86214
156,187,43.16391
157,193,43.294067
157,122,35.951485
157,234,72.364624
157,136,72.18095
157,134,51.591682
157,175,25.050447
157,130,23.490763
157,150,31.02477
157,181,52.386623
158,196,66.32065
158,118,54.143997
158,176,26.390295
158,183,29.02086
158,143,37.843082
159,143,62.164993
159,169,60.659462
159,222,57.727814
159,119,31.286877
159,106,60.924477
159,129,58.073605
159,123,43.25046
159,209,58.632156
159,196,47.417183
159,176,73.51591
160,114,64.22457
160,210,66.96822
160,188,32.96195
160,187,74.05751
160,186,25.112593
160,153,68.95304
160,145,28.37847
161,141,21.817293
161,135,40.165413
161,185,54.65593
161,111,61.765625
161,204,46.116985
161,192,28.617731
161,146,62.6468
161,240,72.71837
162,125,58.51438
162,199,56.39797
162,151,47.805527
162,168,11.0096855
162,117,59.600967
162,211,73.27273
163,126,31.842453
163,167,24.785875
163,172,51.25813
163,144,55.65686
163,149,48.050297
163,225,56.5275
163,102,74.77052
163,112,69.62341
164,190,53.279568
164,191,25.651016
164,173,28.308132
164,229,65.95235
164,231,70.65565
164,109,59.32544
165,147,37.60944
165,195,32.271015
165,137,62.0423
165,152,24.21501
165,226,59.594883
165,170,52.28374
165,246,74.40227
165,177,30.174946
166,138,30.00422
166,107,65.917564
166,233,60.407104
166,207,44.12997
167,126,35.30196
167,225,53.950413
167,149,27.903212
167,198,60.509052
167,163,24.785875
167,236,67.63744
168,199,63.878426
168,151,39.94164
168,162,11.0096855
168,125,69.31468
168,211,62.52331
168,117,56.350906
169,129,33.938225
169,139,32.385612
169,203,32.77004
169,209,41.604343
169,123,48.794903
169,159,60.659462
169,202,63.139523
169,148,64.3353
169,133,73.53643
169,119,74.47737
170,165,52.28374
170,137,30.121498
170,195,69.96721
170,152,74.38437
170,206,40.05067
170,208,63.796993
171,197,25.585468
171,181,32.016388
171,136,34.245827
171,228,47.83974
171,220,47.7824
171,174,40.673584
171,134,48.230495
171,221,53.599407
171,113,60.036587
171,132,61.739002
172,144,30.251932
172,127,63.090687
172,212,41.250446
172,163,51.25813
172,112,61.80193
172,179,64.31187
172,126,73.8834
172,255,74.987404
173,218,52.641445
173,231,51.231697
173,164,28.308132
173,189,58.70727
173,191,31.751244
173,190,25.504677
174,197,54.28164
174,132,38.652
174,171,40.673584
174,221,48.59982
174,178,51.702335
174,219,55.426205
174,136,60.270863
174,113,62.945568
174,228,65.28168
174,253,70.12655
175,134,50.858242
175,157,25.050447
175,150,52.8422
175,220,57.579075
175,197,58.33703
175,181,31.834826
175,130,47.822464
175,193,44.89009
175,122,48.116913
175,234,62.47863
176,158,26.390295
176,183,34.998066
176,143,42.003727
176,196,41.246166
176,238,60.61789
176,222,73.20088
176,159,73.51591
177,195,22.063843
177,147,30.594845
177,165,30.174946
177,152,27.068108
177,226,41.592743
177,246,74.53594
177,241,72.56806
178,219,41.25527
178,124,51.281525
178,155,30.880348
178,132,59.81785
178,174,51.702335
178,258,70.071304
179,213,49.344593
179,182,31.114347
179,232,46.165794
179,127,49.16207
179,131,51.641216
179,212,45.104843
179,235,61.258583
179,144,69.90839
179,172,64.31187
179,115,72.38228
180,205,22.08082
180,200,67.190125
180,154,53.462227
180,237,68.545845
181,220,38.209415
181,134,42.461906
181,171,32.016388
181,197,29.11186
181,175,31.834826
181,136,45.170914
181,228,48.9724
181,157,52.386623
181,122,56.27521
181,221,70.04538
182,128,55.172916
182,179,31.114347
182,232,64.95861
182,235,59.53208
182,115,53.239536
182,131,36.687042
182,213,35.34954
182,127,61.217827
182,184,72.102135
182,212,74.81421
183,158,29.02086
183,176,34.998066
183,118,63.991142
183,196,73.48308
183,211,74.5263
183,143,65.62087
184,182,72.102135
184,128,47.462368
184,224,50.04636
184,213,68.83467
184,189,60.68947
185,204,29.356333
185,146,36.066628
185,240,63.41346
185,161,54.65593
185,111,68.51282
185,141,71.135506
185,156,70.37038
185,192,45.17286
186,227,66.83736
186,188,38.340477
186,210,45.57206
186,160,25.112593
186,145,46.902523
186,153,67.07981
187,216,27.29288
187,156,43.16391
187,160,74.05751
187,252,56.07343
187,188,43.33789
187,121,57.795353
188,216,46.3875
188,187,43.33789
188,160,32.96195
188,186,38.340477
188,145,60.02722
188,121,69.40232
189,218,32.44789
189,190,36.126026
189,231,57.27043
189,224,58.353405
189,173,58.70727
189,247,60.652298
189,184,60.68947
189,265,61.939384
189,256,71.06084
190,173,25.504677
190,189,36.126026
190,218,28.218012
190,231,36.158516
190,191,48.04974
190,164,53.279568
190,247,57.497955
190,265,71.85462
191,190,48.04974
191,164,25.651016
191,173,31.751244
191,218,66.6965
191,260,56.041744
191,231,51.5303
191,229,45.867252
192,161,28.617731
192,146,69.152985
192,185,45.17286
192,135,65.2519
192,141,50.32396
192,204,22.77658
192,240,44.12959
193,175,44.89009
193,130,59.37797
193,157,43.294067
193,234,34.847214
193,257,54.40223
193,150,40.544846
193,244,55.981716
193,194,73.87994
194,193,73.87994
194,269,64.76675
194,244,65.26206
195,226,27.328316
195,266,56.600685
195,152,43.481003
195,170,69.96721
195,241,70.355225
195,246,52.53275
195,165,32.271015
195,177,22.063843
195,147,51.02188
195,285,73.56185
196,176,41.246166
196,222,33.241573
196,238,43.48166
196,267,62.28789
196,249,47.27813
196,143,61.10007
196,159,47.417183
196,158,66.32065
196,119,71.63121
196,209,72.63667
197,171,25.585468
197,220,22.562841
197,181,29.11186
197,228,23.650482
197,221,40.97015
197,174,54.28164
197,136,57.176014
197,175,58.33703
197,134,64.74439
197,253,71.88483
198,167,60.509052
198,225,66.51166
198,149,59.632126
198,236,43.684063
198,208,47.88563
198,278,67.71457
199,263,66.932526
199,229,57.648285
199,168,63.878426
199,245,51.856747
199,125,60.38668
199,162,56.39797
199,242,48.30478
200,283,70.66936
200,154,45.627403
200,180,67.190125
200,205,71.78273
200,217,52.141323
201,227,46.842766
201,215,20.5069
201,142,62.532967
201,239,73.73273
201,288,72.21647
201,210,58.52627
201,153,68.254944
202,203,45.550793
202,148,53.86501
202,169,63.139523
202,133,66.04562
202,239,61.507076
202,139,73.29133
203,169,32.77004
203,209,29.97485
203,202,45.550793
203,129,66.699234
203,139,60.937286
203,148,74.11259
204,192,22.77658
204,185,29.356333
204,240,36.658997
204,161,46.116985
204,146,61.943146
204,276,64.32991
204,141,67.39526
205,275,67.79767
205,200,71.78273
205,154,70.91679
205,180,22.08082
205,237,48.547123
205,268,59.870136
205,262,74.09429
206,287,68.03106
206,254,40.616985
206,246,73.28542
206,170,40.05067
206,137,63.421986
206,208,29.275373
207,233,26.28473
207,250,73.16802
207,271,61.988205
207,166,44.12997
207,251,32.43565
207,241,67.18234
207,138,72.576805
208,287,71.51313
208,198,47.88563
208,206,29.275373
208,278,69.21791
208,254,42.07761
208,170,63.796993
209,169,41.604343
209,222,49.74687
209,203,29.97485
209,159,58.632156
209,139,73.94143
209,249,72.4111
209,129,70.1595
209,196,72.63667
210,186,45.57206
210,227,22.300682
210,215,42.08781
210,153,57.25018
210,201,58.52627
210,160,66.96822
211,183,74.5263
211,294,73.77685
211,168,62.52331
211,162,73.27273
211,272,65.131424
211,151,57.053295
212,255,73.305305
212,232,34.66699
212,235,73.20476
212,274,66.34488
212,144,65.422554
212,172,41.250446
212,179,45.104843
212,182,74.81421
213,279,65.086555
213,232,53.115417
213,224,68.21031
213,182,35.34954
213,179,49.344593
213,235,27.920313
213,184,68.83467
213,131,71.45643
213,274,72.62164
214,230,18.981857
214,262,52.363834
214,291,63.3766
214,284,62.246605
214,237,59.136616
215,288,58.386765
215,227,26.811419
215,210,42.08781
215,201,20.5069
215,153,68.91162
216,252,35.573284
216,187,27.29288
216,188,46.3875
216,156,68.04236
216,261,66.504
216,296,70.90934
217,243,27.988152
217,223,32.700184
217,270,43.608654
217,200,52.141323
217,283,62.32328
218,231,26.07131
218,265,43.63831
218,189,32.44789
218,247,31.870857
218,190,28.218012
218,173,52.641445
218,280,65.741646
218,191,66.6965
218,224,71.83098
218,256,72.40189
219,178,41.25527
219,221,50.76184
219,174,55.426205
219,258,29.163597
219,273,53.06705
219,253,40.51154
219,259,58.357277
219,299,62.82933
219,286,64.00071
219,155,70.32167
220,181,38.209415
220,171,47.7824
220,221,46.511375
220,197,22.562841
220,228,16.419905
220,175,57.579075
220,281,60.55135
220,295,66.1722
220,253,72.60928
220,174,74.482994
221,174,48.59982
221,228,30.557795
221,281,53.318977
221,197,40.97015
221,219,50.76184
221,253,31.504173
221,258,51.41566
221,220,46.511375
221,171,53.599407
221,273,56.61186
222,249,27.501484
222,176,73.20088
222,209,49.74687
222,159,57.727814
222,238,43.31855
222,293,69.16433
222,267,56.023163
222,196,33.241573
223,270,53.83749
223,217,32.700184
223,243,26.890137
224,265,58.983105
224,280,58.193966
224,218,71.83098
224,213,68.21031
224,256,27.11027
224,184,50.04636
224,189,58.353405
225,167,53.950413
225,297,57.39661
225,163,56.5275
225,236,35.461765
225,255,34.42045
225,264,30.49284
225,198,66.51166
225,310,69.24394
226,241,47.794334
226,195,27.328316
226,246,45.8096
226,266,36.756622
226,177,41.592743
226,285,51.097088
226,282,61.306564
226,305,65.36211
226,165,59.594883
226,152,67.75873
227,153,71.28446
227,215,26.811419
227,186,66.83736
227,210,22.300682
227,201,46.842766
227,288,55.778324
228,171,47.83974
228,181,48.9724
228,221,30.557795
228,295,71.71308
228,174,65.28168
228,220,16.419905
228,197,23.650482
228,253,56.32241
228,281,50.776245
228,312,72.343666
229,199,57.648285
229,245,65.46506
229,191,45.867252
229,242,36.19144
229,260,33.45368
229,263,37.578396
229,164,65.95235
229,307,67.20121
229,231,73.67496
229,316,74.06377
230,214,18.981857
230,262,33.438686
230,237,42.15275
230,284,47.317425
230,268,60.66348
230,291,52.988342
231,247,30.56615
231,190,36.158516
231,191,51.5303
231,218,26.07131
231,173,51.231697
231,265,53.035748
231,164,70.65565
231,189,57.27043
231,260,55.135727
231,229,73.67496
232,179,46.165794
232,235,40.132652
232,212,34.66699
232,213,53.115417
232,274,38.286858
232,182,64.95861
232,279,56.31578
232,306,67.54083
233,166,60.407104
233,207,26.28473
233,320,73.81446
233,250,47.317123
233,251,37.018814
233,271,37.88982
234,193,34.847214
234,257,25.865725
234,244,36.814144
234,277,51.79623
234,295,67.17245
234,175,62.47863
234,157,72.364624
235,213,27.920313
235,279,37.632862
235,232,40.132652
235,274,46.662407
235,306,58.133778
235,182,59.53208
235,212,73.20476
235,179,61.258583
236,264,34.0713
236,278,59.904728
236,198,43.684063
236,225,35.461765
236,255,60.387028
236,310,63.939934
236,297,64.94203
236,167,67.63744
237,262,25.574558
237,275,64.725746
237,205,48.547123
237,214,59.136616
237,284,55.582413
237,230,42.15275
237,268,24.255165
237,180,68.545845
237,291,71.54014
237,326,71.900986
238,267,19.10388
238,249,25.668194
238,222,43.31855
238,293,38.246864
238,196,43.48166
238,176,60.61789
238,292,71.3653
238,343,72.10972
239,201,73.73273
239,202,61.507076
239,313,60.1895
239,308,54.36503
240,161,72.71837
240,276,33.066998
240,192,44.12959
240,324,68.40937
240,185,63.41346
240,204,36.658997
240,309,57.44787
241,285,67.10848
241,226,47.794334
241,266,64.8505
241,207,67.18234
241,305,67.30146
241,251,51.170097
241,195,70.355225
241,177,72.56806
242,199,48.30478
242,263,19.18026
242,229,36.19144
242,245,29.910799
242,303,57.096725
242,260,57.42428
242,316,70.90078
242,307,71.84088
242,332,73.778984
243,270,26.954212
243,217,27.988152
243,223,26.890137
243,283,58.515644
244,257,16.847641
244,234,36.814144
244,277,27.143608
244,193,55.981716
244,269,57.436104
244,322,73.02737
244,194,65.26206
245,290,50.92536
245,263,42.23598
245,199,51.856747
245,242,29.910799
245,303,45.964985
245,229,65.46506
245,272,71.20459
245,332,71.77971
246,282,28.897358
246,266,26.514364
246,285,40.698143
246,226,45.8096
246,195,52.53275
246,317,57.356327
246,305,60.914467
246,206,73.28542
246,287,73.83157
246,254,74.39929
247,231,30.56615
247,280,45.28937
247,265,24.249466
247,218,31.870857
247,190,57.497955
247,189,60.652298
247,256,66.45842
247,260,73.21511
248,298,41.41609
249,293,41.785877
249,222,27.501484
249,209,72.4111
249,238,25.668194
249,196,47.27813
249,267,30.896212
250,335,73.078384
250,233,47.317123
250,259,29.9607
250,271,32.768623
250,207,73.16802
250,299,71.590614
250,286,55.767773
251,323,58.917274
251,233,37.018814
251,241,51.170097
251,271,53.30607
251,207,32.43565
251,320,63.015755
251,344,73.249466
251,333,70.00385
252,345,73.97943
252,216,35.573284
252,187,56.07343
252,338,71.66137
252,261,36.31887
252,296,35.482388
253,219,40.51154
253,273,25.495096
253,258,24.235596
253,221,31.504173
253,281,47.467426
253,228,56.32241
253,286,67.860085
253,299,57.07591
253,174,70.12655
253,197,71.88483
254,208,42.07761
254,300,38.63174
254,315,57.107918
254,278,52.76825
254,206,40.616985
254,246,74.39929
254,287,29.774023
255,297,34.841232
255,264,31.605942
255,225,34.42045
255,318,54.27702
255,172,74.987404
255,212,73.305305
255,310,55.8521
255,236,60.387028
256,218,72.40189
256,189,71.06084
256,265,43.2951
256,280,34.204662
256,224,27.11027
256,247,66.45842
257,295,72.66821
257,244,16.847641
257,277,26.220581
257,193,54.40223
257,269,72.031265
257,234,25.865725
258,299,38.947468
258,221,51.41566
258,219,29.163597
258,253,24.235596
258,321,61.822067
258,259,55.16777
258,273,24.622663
258,281,68.49895
258,286,46.184593
258,178,70.071304
259,299,44.299072
259,271,58.17164
259,286,30.146889
259,219,58.357277
259,250,29.9607
259,258,55.16777
259,321,62.862583
259,335,66.44894
259,273,70.04782
260,191,56.041744
260,231,55.135727
260,229,33.45368
260,316,53.14278
260,263,46.217197
260,307,41.205246
260,242,57.42428
260,247,73.21511
261,216,66.504
261,338,64.78113
261,296,31.487652
261,252,36.31887
261,345,71.09612
262,284,30.091341
262,291,46.12616
262,237,25.574558
262,230,33.438686
262,326,59.25193
262,214,52.363834
262,268,31.215252
262,354,71.65768
262,205,74.09429
263,242,19.18026
263,229,37.578396
263,316,51.729282
263,307,53.14394
263,303,51.563354
263,260,46.217197
263,245,42.23598
263,332,61.058807
263,199,66.932526
263,361,73.183846
264,310,38.93889
264,225,30.49284
264,318,58.73103
264,297,31.892872
264,236,34.0713
264,255,31.605942
265,256,43.2951
265,280,22.654203
265,247,24.249466
265,218,43.63831
265,231,53.035748
265,224,58.983105
265,189,61.939384
265,190,71.85462
266,226,36.756622
266,285,17.78408
266,282,25.595144
266,246,26.514364
266,305,37.302116
266,337,64.8822
266,317,46.103283
266,241,64.8505
266,195,56.600685
266,347,65.73627
267,343,53.37443
267,293,19.423851
267,249,30.896212
267,238,19.10388
267,222,56.023163
267,292,59.638462
267,355,66.91677
267,196,62.28789
268,237,24.255165
268,262,31.215252
268,326,51.346996
268,275,46.575924
268,284,54.22172
268,230,60.66348
268,205,59.870136
268,291,72.55372
269,322,44.968037
269,244,57.436104
269,277,57.939037
269,194,64.76675
269,257,72.031265
270,340,62.668514
270,283,34.642113
270,243,26.954212
270,223,53.83749
270,217,43.608654
271,250,32.768623
271,320,46.34048
271,207,61.988205
271,233,37.88982
271,333,58.51602
271,259,58.17164
271,251,53.30607
271,323,65.6041
271,357,66.58881
271,335,69.4501
272,348,56.958836
272,314,29.401703
272,290,28.312647
272,294,58.381145
272,303,68.7656
272,211,65.131424
272,245,71.20459
273,258,24.622663
273,253,25.495096
273,299,36.127872
273,346,50.90721
273,281,51.60033
273,286,50.186855
273,321,50.887585
273,219,53.06705
273,221,56.61186
273,259,70.04782
274,212,66.34488
274,232,38.286858
274,279,30.747791
274,235,46.662407
274,306,31.770212
274,213,72.62164
275,283,68.44864
275,326,68.92566
275,268,46.575924
275,237,64.725746
275,205,67.79767
276,309,25.01772
276,331,47.84938
276,240,33.066998
276,204,64.32991
276,324,45.239582
277,234,51.79623
277,257,26.220581
277,322,54.837482
277,244,27.143608
277,269,57.939037
278,254,52.76825
278,287,53.782707
278,336,46.64329
278,300,57.972054
278,236,59.904728
278,360,67.074104
278,208,69.21791
278,198,67.71457
278,315,71.745094
279,274,30.747791
279,235,37.632862
279,232,56.31578
279,306,21.517307
279,213,65.086555
280,256,34.204662
280,265,22.654203
280,247,45.28937
280,224,58.193966
280,218,65.741646
281,228,50.776245
281,221,53.318977
281,273,51.60033
281,312,33.919567
281,253,47.467426
281,295,59.91082
281,220,60.55135
281,258,68.49895
281,197,74.363304
282,226,61.306564
282,317,28.523062
282,305,40.39507
282,285,24.268661
282,266,25.595144
282,347,54.746037
282,246,28.897358
282,337,61.737793
282,315,64.28196
282,300,68.30049
283,275,68.44864
283,243,58.515644
283,217,62.32328
283,270,34.642113
283,200,70.66936
283,362,61.007107
283,340,45.799232
284,291,18.525179
284,262,30.091341
284,354,52.555237
284,326,53.591164
284,230,47.317425
284,268,54.22172
284,237,55.582413
284,327,59.785347
284,214,62.246605
285,266,17.78408
285,305,20.28231
285,317,32.332825
285,282,24.268661
285,246,40.698143
285,241,67.10848
285,347,48.413345
285,226,51.097088
285,337,47.24819
285,358,72.99479
286,321,33.024414
286,273,50.186855
286,299,16.201187
286,335,50.307827
286,259,30.146889
286,258,46.184593
286,356,53.141174
286,250,55.767773
286,346,59.196304
286,366,62.590168
287,300,8.894066
287,278,53.782707
287,359,55.11529
287,315,27.647226
287,254,29.774023
287,360,65.55082
287,208,71.51313
287,282,70.574265
287,206,68.03106
287,374,71.84512
288,313,68.63231
288,365,60.340763
288,319,33.13541
288,227,55.778324
288,215,58.386765
288,201,72.21647
289,308,63.66635
290,348,47.04605
290,303,40.505947
290,314,29.428453
290,272,28.312647
290,332,66.06164
290,245,50.92536
291,214,63.3766
291,230,52.988342
291,262,46.12616
291,284,18.525179
291,327,44.129738
291,354,58.77336
291,326,67.542435
291,237,71.54014
291,372,68.033585
291,268,72.55372
292,343,44.47824
292,294,40.04034
292,352,55.109062
292,293,57.037582
292,267,59.638462
292,238,71.3653
293,267,19.423851
293,343,37.124073
293,238,38.246864
293,292,57.037582
293,249,41.785877
293,355,47.512665
293,222,69.16433
294,352,40.659084
294,272,58.381145
294,314,68.56986
294,292,40.04034
294,211,73.77685
295,312,37.884033
295,281,59.91082
295,328,30.796776
295,373,65.29911
295,257,72.66821
295,234,67.17245
295,220,66.1722
295,228,71.71308
296,367,70.5492
296,345,42.094906
296,338,37.754963
296,261,31.487652
296,377,68.73327
296,363,56.062675
296,252,35.482388
296,216,70.90934
297,310,23.813967
297,264,31.892872
297,255,34.841232
297,318,26.840052
297,351,45.352844
297,225,57.39661
297,236,64.94203
298,304,45.299053
298,248,41.41609
298,330,49.790405
298,342,54.402355
299,258,38.947468
299,286,16.201187
299,321,25.038157
299,273,36.127872
299,259,44.299072
299,346,45.869186
299,356,53.790108
299,253,57.07591
299,335,57.21987
299,366,58.24688
300,360,59.768913
300,287,8.894066
300,359,47.085922
300,374,63.274677
300,315,18.82678
300,278,57.972054
300,282,68.30049
300,254,38.63174
301,329,29.507273
301,342,64.03119
302,311,71.490204
302,327,56.310993
302,339,47.367016
303,290,40.505947
303,242,57.096725
303,348,56.784103
303,245,45.964985
303,332,29.064957
303,263,51.563354
303,361,56.136948
303,314,59.040466
303,316,67.2177
303,272,68.7656
304,298,45.299053
304,330,19.364628
305,246,60.914467
305,347,34.85134
305,337,28.047672
305,285,20.28231
305,266,37.302116
305,378,59.834965
305,317,32.235577
305,282,40.39507
305,358,52.75696
305,384,64.2447
306,279,21.517307
306,274,31.770212
306,235,58.133778
306,232,67.54083
306,385,65.16317
307,364,48.437332
307,387,74.38863
307,242,71.84088
307,260,41.205246
307,263,53.14394
307,229,67.20121
307,316,15.610326
307,332,65.750465
307,361,54.885284
308,313,33.32693
308,239,54.36503
308,289,63.66635
308,349,39.10846
309,331,23.78804
309,276,25.01772
309,324,31.416784
309,240,57.44787
309,399,66.94161
310,318,36.950245
310,297,23.813967
310,264,38.93889
310,351,44.17452
310,255,55.8521
310,336,69.83272
310,394,64.37199
310,225,69.24394
310,236,63.939934
311,339,37.75628
311,368,46.73516
311,325,30.046688
311,341,53.016663
311,302,71.490204
312,281,33.919567
312,373,54.225243
312,328,42.913795
312,390,62.582966
312,295,37.884033
312,404,70.844666
312,228,72.343666
313,239,60.1895
313,288,68.63231
313,349,27.668411
313,319,44.003307
313,388,66.96324
313,308,33.32693
314,348,27.87759
314,303,59.040466
314,376,55.886787
314,272,29.401703
314,290,29.428453
314,379,59.910652
314,352,70.095314
314,294,68.56986
314,414,73.556526
315,397,63.350304
315,282,64.28196
315,300,18.82678
315,359,33.90086
315,360,53.434242
315,287,27.647226
315,374,46.985176
315,317,64.43058
315,254,57.107918
315,278,71.745094
316,361,39.539078
316,307,15.610326
316,364,49.732224
316,332,50.89099
316,303,67.2177
316,263,51.729282
316,260,53.14278
316,402,64.62422
316,242,70.90078
316,229,74.06377
317,282,28.523062
317,285,32.332825
317,337,40.236076
317,347,27.690228
317,305,32.235577
317,266,46.103283
317,378,49.470604
317,246,57.356327
317,315,64.43058
317,384,68.27741
318,297,26.840052
318,310,36.950245
318,393,67.84783
318,394,62.820583
318,255,54.27702
318,351,22.675947
318,264,58.73103
319,388,63.23594
319,313,44.003307
319,349,57.206245
319,288,33.13541
319,365,44.89074
319,369,72.90131
320,344,35.16766
320,333,12.194545
320,271,46.34048
320,357,23.193848
320,323,27.02777
320,380,49.372902
320,398,56.601696
320,350,56.647625
320,251,63.015755
320,335,69.96711
321,299,25.038157
321,346,29.377136
321,356,32.951378
321,366,33.4788
321,286,33.024414
321,335,44.21053
321,273,50.887585
321,375,61.764523
321,258,61.822067
321,259,62.862583
322,277,54.837482
322,269,44.968037
322,386,51.316288
322,392,60.20991
322,389,62.396717
322,244,73.02737
323,344,14.83663
323,333,21.696077
323,320,27.02777
323,350,31.550629
323,357,35.879986
323,380,44.74082
323,251,58.917274
323,398,60.24254
323,381,60.46479
323,271,65.6041
324,309,31.416784
324,331,41.5647
324,276,45.239582
324,399,61.323696
324,371,59.420647
324,240,68.40937
325,311,30.046688
325,341,23.16934
325,368,42.16906
325,339,61.806538
326,268,51.346996
326,291,67.542435
326,284,53.591164
326,354,29.615143
326,262,59.25193
326,383,57.504456
326,275,68.92566
326,237,71.900986
326,400,70.941475
327,383,68.0865
327,284,59.785347
327,291,44.129738
327,302,56.310993
327,354,67.17083
327,372,39.372276
328,404,65.59994
328,373,38.001076
328,312,42.913795
328,295,30.796776
329,301,29.507273
329,342,38.958965
329,412,74.38357
329,401,55.671543
330,424,74.1461
330,304,19.364628
330,298,49.790405
331,324,41.5647
331,276,47.84938
331,309,23.78804
331,399,48.03754
331,338,74.65949
332,361,27.772131
332,307,65.750465
332,263,61.058807
332,290,66.06164
332,402,52.77281
332,348,62.939445
332,303,29.064957
332,316,50.89099
332,379,67.68789
332,405,68.032906
333,350,47.289375
