Object,Neighbor,Distance
5,11,13.095819
8,15,14.354826
8,16,14.734686
9,10,13.666943
10,9,13.666943
11,5,13.095819
15,8,14.354826
16,8,14.734686
64,67,10.831316
64,77,13.499909
67,71,8.050507
67,64,10.831316
68,76,9.072556
70,74,14.485829
70,78,9.95079
71,67,8.050507
74,70,14.485829
76,68,9.072556
77,64,13.499909
78,70,9.95079
86,94,11.2614975
94,86,11.2614975
95,102,13.978957
95,99,7.252895
99,95,7.252895
102,95,13.978957
107,117,13.62564
115,128,13.388604
117,107,13.62564
125,126,13.563764
126,125,13.563764
128,115,13.388604
131,132,12.22685
132,131,12.22685
132,136,14.76817
136,132,14.76817
138,150,13.581506
150,138,13.581506
156,167,12.807243
167,156,12.807243
169,189,14.085945
175,184,13.295535
179,190,6.545677
184,175,13.295535
189,169,14.085945
190,179,6.545677
200,203,10.965794
203,200,10.965794
208,215,14.420428
215,208,14.420428
226,242,14.758484
242,226,14.758484
244,249,10.765498
244,258,10.658107
245,256,11.7378235
245,262,13.649498
249,244,10.765498
249,257,13.178598
254,283,10.26132
255,260,11.342216
255,277,13.044292
256,262,13.054252
256,245,11.7378235
257,249,13.178598
258,244,10.658107
258,260,10.559671
260,258,10.559671
260,255,11.342216
262,256,13.054252
262,245,13.649498
263,293,13.200617
264,287,13.810591
275,279,14.4564085
277,255,13.044292
278,286,14.080819
279,275,14.4564085
280,287,13.749421
283,254,10.26132
285,294,5.5577073
286,278,14.080819
287,280,13.749421
287,264,13.810591
293,263,13.200617
294,285,5.5577073
294,299,12.065358
299,294,12.065358
299,313,11.902951
300,331,14.901968
306,329,14.953217
313,299,11.902951
322,329,12.975188
329,306,14.953217
329,322,12.975188
331,300,14.901968
337,345,11.23382
339,350,8.886005
345,337,11.23382
350,339,8.886005
361,380,14.701968
373,384,13.459415
373,382,11.682328
375,393,11.914666
379,390,14.78473
380,361,14.701968
382,373,11.682328
382,384,10.823191
382,409,14.614932
384,373,13.459415
384,409,14.689647
384,382,10.823191
390,379,14.78473
393,396,12.336989
393,375,11.914666
394,422,14.262269
396,393,12.336989
409,384,14.689647
409,382,14.614932
422,394,14.262269
425,447,14.848427
427,452,14.905267
430,459,14.103884
442,450,12.941359
447,425,14.848427
447,473,14.726188
450,442,12.941359
450,471,13.216192
452,427,14.905267
459,430,14.103884
470,496,13.349924
471,450,13.216192
471,490,14.89155
473,447,14.726188
475,510,9.735838
482,505,13.924868
487,512,11.969864
490,471,14.89155
496,470,13.349924
505,482,13.924868
508,540,14.990696
510,475,9.735838
512,487,11.969864
540,508,14.990696
544,560,10.100586
552,575,13.888643
555,588,14.783156
560,544,10.100586
571,587,14.967206
575,552,13.888643
585,617,13.843802
587,571,14.967206
588,555,14.783156
612,649,9.791944
614,621,14.149599
617,585,13.843802
621,614,14.149599
641,680,14.778137
649,612,9.791944
655,660,12.206405
660,655,12.206405
671,690,14.6352
673,697,14.988545
677,700,11.424228
680,641,14.778137
684,688,9.13471
688,684,9.13471
690,671,14.6352
691,702,12.849155
697,673,14.988545
699,716,11.256761
699,715,12.233938
700,677,11.424228
702,691,12.849155
715,699,12.233938
716,699,11.256761
739,751,14.590866
751,739,14.590866
755,766,9.4413595
755,773,9.885895
766,755,9.4413595
766,789,9.981233
766,773,12.657862
773,766,12.657862
773,755,9.885895
773,808,14.54338
783,804,7.293345
789,766,9.981233
789,812,12.383823
789,808,12.682765
789,798,5.689356
798,789,5.689356
798,812,6.9736843
804,783,7.293345
807,809,13.792802
808,773,14.54338
808,789,12.682765
809,807,13.792802
812,798,6.9736843
812,789,12.383823
843,872,10.83587
851,878,12.10318
872,843,10.83587
877,888,5.4394207
878,851,12.10318
881,908,11.7359085
886,912,14.638593
888,877,5.4394207
908,881,11.7359085
912,886,14.638593
922,927,13.847176
926,949,14.447153
927,922,13.847176
949,926,14.447153
953,974,8.908506
960,962,11.255122
962,960,11.255122
974,953,8.908506
980,987,10.978016
981,991,9.98631
987,980,10.978016
991,981,9.98631
1068,1095,13.945407
1084,1105,14.11729
1087,1099,5.2330046
1095,1068,13.945407
1099,1087,5.2330046
1105,1084,14.11729
1121,1136,4.403636
1125,1139,14.039618
1136,1121,4.403636
1136,1144,13.604743
1137,1144,4.4953785
1137,1145,9.899495
1137,1158,8.654188
1139,1125,14.039618
1141,1159,7.238684
1143,1169,13.138462
1144,1158,6.702993
1144,1137,4.4953785
1144,1145,12.647526
1144,1136,13.604743
1145,1137,9.899495
1145,1144,12.647526
1145,1158,10.443494
1152,1154,7.700795
1154,1152,7.700795
1154,1173,11.785804
1158,1145,10.443494
1158,1144,6.702993
1158,1137,8.654188
1159,1141,7.238684
1163,1189,14.877884
1166,1185,14.518482
1168,1181,7.896648
1168,1186,12.5255995
1169,1143,13.138462
1173,1154,11.785804
1173,1203,12.680924
1176,1214,13.58542
1179,1192,11.279562
1181,1186,13.123807
1181,1200,9.047992
1181,1199,13.193346
1181,1168,7.896648
1185,1166,14.518482
1186,1168,12.5255995
1186,1181,13.123807
1189,1163,14.877884
1192,1179,11.279562
1193,1213,13.401624
1196,1235,12.54686
1199,1232,13.783984
1199,1206,7.534345
1199,1200,6.0655055
1199,1181,13.193346
1200,1181,9.047992
1200,1206,13.583034
1200,1199,6.0655055
1202,1229,13.906563
1203,1173,12.680924
1203,1229,9.34327
1203,1219,11.196737
1204,1226,8.19289
1204,1223,11.577187
1206,1199,7.534345
1206,1232,10.099978
1206,1200,13.583034
1213,1193,13.401624
1214,1176,13.58542
1219,1203,11.196737
1219,1229,13.930714
1223,1204,11.577187
1223,1226,6.2595916
1223,1259,14.247428
1226,1204,8.19289
1226,1223,6.2595916
1226,1259,11.320601
1229,1203,9.34327
1229,1202,13.906563
1229,1219,13.930714
1232,1206,10.099978
1232,1199,13.783984
1234,1257,12.629104
1235,1196,12.54686
1248,1265,10.602711
1257,1234,12.629104
1258,1292,13.506666
1258,1286,11.832512
1258,1266,13.5751915
1259,1226,11.320601
1259,1223,14.247428
1265,1248,10.602711
1266,1286,13.471255
1266,1258,13.5751915
1269,1278,6.714989
1278,1269,6.714989
1286,1303,12.507602
1286,1258,11.832512
1286,1266,13.471255
1286,1292,6.813105
1292,1258,13.506666
1292,1286,6.813105
1292,1303,7.085323
1295,1318,12.25422
1303,1292,7.085323
1303,1286,12.507602
1306,1323,14.378106
1312,1354,14.418677
1318,1295,12.25422
1323,1306,14.378106
1326,1337,7.573355
1331,1339,4.7656016
1336,1351,13.164791
1337,1326,7.573355
1339,1331,4.7656016
1339,1383,13.11607
1344,1345,12.372141
1345,1344,12.372141
1351,1336,13.164791
1354,1312,14.418677
1372,1376,8.382478
1372,1403,12.266777
1372,1381,13.6114645
1376,1372,8.382478
1378,1401,14.822279
1379,1388,10.611281
1381,1372,13.6114645
1383,1406,13.877414
1383,1390,8.940311
1383,1339,13.11607
1388,1390,14.0019245
1388,1379,10.611281
1390,1383,8.940311
1390,1406,9.765133
1390,1388,14.0019245
1401,1378,14.822279
1401,1426,12.393466
1402,1430,11.286859
1402,1428,8.296621
1403,1372,12.266777
1406,1418,12.48653
1406,1383,13.877414
1406,1390,9.765133
1408,1462,12.737849
1418,1406,12.48653
1418,1471,14.215919
1426,1401,12.393466
1428,1402,8.296621
1428,1430,8.348788
1430,1469,11.449239
1430,1402,11.286859
1430,1428,8.348788
1435,1451,6.6036115
1451,1435,6.6036115
1453,1484,12.701034
1462,1408,12.737849
1469,1430,11.449239
1469,1505,12.749381
1469,1480,6.164399
1471,1418,14.215919
1471,1479,7.080827
1473,1507,14.964085
1479,1471,7.080827
1480,1505,8.053611
1480,1469,6.164399
1484,1453,12.701034
1498,1511,5.911294
1505,1530,12.7755
1505,1480,8.053611
1505,1469,12.749381
1507,1473,14.964085
1510,1519,7.0312443
1511,1498,5.911294
1517,1536,12.426011
1519,1510,7.0312443
1520,1541,14.49508
1524,1548,13.581397
1524,1536,10.576639
1530,1549,9.175733
1530,1505,12.7755
1536,1524,10.576639
1536,1548,14.466773
1536,1517,12.426011
1541,1520,14.49508
1548,1564,11.056245
1548,1524,13.581397
1548,1536,14.466773
1549,1530,9.175733
1558,1562,12.543966
1562,1558,12.543966
1564,1548,11.056245
1573,1582,14.634276
1574,1617,14.784582
1578,1610,11.559947
1582,1573,14.634276
1592,1625,12.239821
1597,1649,12.063415
1603,1618,14.8807335
1606,1612,7.745927
1610,1578,11.559947
1612,1606,7.745927
1613,1615,10.690984
1615,1613,10.690984
1617,1574,14.784582
1618,1603,14.8807335
1621,1638,13.007148
1625,1592,12.239821
1625,1638,14.54901
1631,1634,12.889263
1632,1645,13.507732
1634,1631,12.889263
1638,1621,13.007148
1638,1625,14.54901
1645,1632,13.507732
1649,1597,12.063415
1652,1661,12.03136
1658,1686,12.358862
1661,1652,12.03136
1661,1679,14.194962
1677,1705,10.199472
1679,1661,14.194962
1685,1700,10.108766
1686,1658,12.358862
1689,1708,10.119754
1689,1724,12.976758
1689,1704,13.6460285
1695,1698,10.660473
1698,1695,10.660473
1698,1733,11.968204
1700,1685,10.108766
1704,1708,5.432298
1704,1724,12.378441
1704,1689,13.6460285
1705,1745,13.863165
1705,1677,10.199472
1708,1704,5.432298
1708,1724,7.477048
1708,1689,10.119754
1710,1713,13.950968
1712,1718,12.633649
1713,1710,13.950968
1718,1712,12.633649
1724,1689,12.976758
1724,1708,7.477048
1724,1744,9.100143
1724,1728,9.984487
1724,1704,12.378441
1728,1724,9.984487
1728,1744,7.1090245
1732,1741,11.302722
1732,1750,11.919819
1733,1698,11.968204
1741,1732,11.302722
1741,1750,7.2965417
1743,1755,6.692104
1743,1764,10.795361
1744,1728,7.1090245
1744,1724,9.100143
1745,1747,14.254143
1745,1705,13.863165
1747,1745,14.254143
1750,1732,11.919819
1750,1741,7.2965417
1750,1781,11.948279
1755,1764,6.329501
1755,1743,6.692104
1757,1761,5.9418955
1758,1761,11.106788
1761,1758,11.106788
1761,1757,5.9418955
1763,1782,13.646534
1764,1755,6.329501
1764,1743,10.795361
1781,1750,11.948279
1782,1763,13.646534
1789,1793,12.320891
1793,1789,12.320891
1797,1800,11.456771
1800,1843,14.205589
1800,1797,11.456771
1806,1825,11.796484
1825,1806,11.796484
1827,1855,12.255128
1843,1800,14.205589
1843,1873,13.863729
1847,1874,13.678478
1850,1865,7.0022564
1855,1827,12.255128
1863,1867,13.808805
1865,1850,7.0022564
1867,1863,13.808805
1868,1905,13.464681
1873,1843,13.863729
1874,1847,13.678478
1881,1900,11.206089
1891,1924,10.187954
1900,1881,11.206089
1905,1868,13.464681
1906,1963,14.431654
1915,1945,14.480905
1920,1937,8.525382
1924,1891,10.187954
1937,1920,8.525382
1945,1971,8.175037
1945,1915,14.480905
1946,1984,12.666332
1958,1991,13.122059
1961,1968,8.560493
1961,1987,9.993558
1963,1906,14.431654
1964,1972,10.955022
1968,1961,8.560493
1968,1987,7.3348217
1971,1945,8.175037
1972,1964,10.955022
1977,1996,10.489247
1984,1946,12.666332
1987,1968,7.3348217
1987,1961,9.993558
1991,1958,13.122059
1996,1977,10.489247
1999,2019,14.204941
2012,2037,14.587125
2019,1999,14.204941
2019,2044,12.474441
2022,2051,12.565337
2035,2080,14.425532
2035,2067,10.30673
2037,2012,14.587125
2044,2019,12.474441
2046,2055,13.538503
2051,2022,12.565337
2052,2070,8.696067
2055,2046,13.538503
2067,2035,10.30673
2067,2080,5.70658
2070,2092,9.972255
2070,2052,8.696067
2080,2035,14.425532
2080,2067,5.70658
2080,2127,14.55961
2083,2110,13.320048
2084,2146,12.703809
2092,2070,9.972255
2092,2093,10.485744
2093,2092,10.485744
2107,2127,13.171878
2108,2118,11.420453
2110,2083,13.320048
2118,2108,11.420453
2127,2080,14.55961
2127,2107,13.171878
2137,2157,11.553974
2146,2084,12.703809
2157,2137,11.553974
2160,2192,14.348025
2163,2206,12.469607
2171,2199,12.474862
2178,2209,12.006336
2183,2209,14.470683
2190,2206,13.61136
2192,2160,14.348025
2196,2220,14.3957
2199,2171,12.474862
2203,2204,7.3253202
2204,2203,7.3253202
2206,2190,13.61136
2206,2163,12.469607
2209,2178,12.006336
2209,2183,14.470683
2211,2241,11.385324
2220,2196,14.3957
2221,2235,11.25773
2235,2221,11.25773
2241,2211,11.385324
2257,2288,10.435419
2257,2283,11.12533
2282,2285,10.278241
2283,2288,3.918594
2283,2313,11.495227
2283,2257,11.12533
2285,2282,10.278241
2288,2283,3.918594
2288,2257,10.435419
2307,2349,14.999804
2307,2315,14.494017
2312,2314,7.825069
2312,2321,7.474915
2313,2345,13.007235
2313,2283,11.495227
2313,2363,13.404163
2314,2312,7.825069
2314,2318,11.6678705
2314,2365,14.991331
2315,2307,14.494017
2316,2356,14.6050005
2318,2365,14.220255
2318,2314,11.6678705
2321,2312,7.474915
2326,2376,4.8459153
2345,2313,13.007235
2346,2349,11.135285
2346,2375,7.295098
2349,2375,12.11327
2349,2307,14.999804
2349,2346,11.135285
2354,2385,9.413589
2356,2316,14.6050005
2361,2362,13.52007
2362,2361,13.52007
2363,2313,13.404163
2365,2318,14.220255
2365,2314,14.991331
2370,2393,10.468573
2375,2346,7.295098
2375,2349,12.11327
2376,2326,4.8459153
2385,2354,9.413589
2393,2370,10.468573
2404,2428,11.952931
2407,2434,10.595457
2412,2425,13.596045
2421,2428,10.786775
2425,2412,13.596045
2428,2404,11.952931
2428,2421,10.786775
2433,2456,8.281253
2434,2407,10.595457
2439,2468,13.501472
2455,2480,13.860683
2456,2487,14.765883
2456,2433,8.281253
2461,2468,14.864904
2468,2439,13.501472
2468,2461,14.864904
2471,2478,11.142549
2478,2471,11.142549
2480,2455,13.860683
2483,2513,11.915933
2487,2456,14.765883
2497,2509,9.222196
2504,2528,13.418074
2505,2516,10.7354555
2509,2497,9.222196
2509,2522,6.685571
2512,2516,11.672618
2513,2483,11.915933
2516,2512,11.672618
2516,2565,13.649799
2516,2505,10.7354555
2517,2541,7.1722608
2520,2576,12.243653
2522,2509,6.685571
2522,2524,9.59694
2524,2543,13.54115
2524,2522,9.59694
2527,2564,14.327926
2528,2504,13.418074
2537,2562,13.92587
2539,2563,11.410636
2540,2607,14.096091
2541,2517,7.1722608
2543,2524,13.54115
2546,2579,11.457644
2558,2566,6.596424
2562,2537,13.92587
2563,2539,11.410636
2564,2527,14.327926
2565,2516,13.649799
2566,2558,6.596424
2568,2603,10.904722
2573,2592,9.38684
2576,2520,12.243653
2579,2546,11.457644
2580,2615,13.172934
2592,2633,14.41899
2592,2573,9.38684
2594,2608,13.701341
2594,2597,10.602923
2597,2594,10.602923
2599,2610,6.682719
2599,2606,14.150311
2599,2613,9.06356
2603,2568,10.904722
2606,2610,9.176862
2606,2599,14.150311
2607,2540,14.096091
2608,2594,13.701341
2610,2613,10.97892
2610,2606,9.176862
2610,2599,6.682719
2613,2599,9.06356
2613,2635,9.055718
2613,2610,10.97892
2615,2580,13.172934
2616,2652,12.364808
2630,2673,13.476465
2633,2592,14.41899
2633,2664,12.373881
2633,2672,14.29785
2635,2653,9.487071
2635,2613,9.055718
2636,2678,14.503184
2637,2651,12.583403
2648,2691,10.950973
2648,2657,5.648562
2651,2637,12.583403
2652,2616,12.364808
2653,2635,9.487071
2657,2648,5.648562
2657,2691,9.027361
2658,2701,12.16707
2659,2684,13.787106
2659,2689,11.722704
2659,2664,14.069987
2664,2633,12.373881
2664,2659,14.069987
2664,2689,10.292772
2671,2707,12.739932
2672,2633,14.29785
2673,2630,13.476465
2674,2683,5.7906175
2678,2709,7.696977
2678,2636,14.503184
2680,2727,12.814063
2683,2674,5.7906175
2683,2694,12.066152
2684,2659,13.787106
2689,2664,10.292772
2689,2659,11.722704
2689,2731,13.4538
2691,2718,11.193682
2691,2648,10.950973
2691,2657,9.027361
2693,2694,10.037291
2694,2683,12.066152
2694,2693,10.037291
2697,2711,8.760629
2698,2724,5.516677
2701,2658,12.16707
2701,2734,10.133981
2707,2671,12.739932
2709,2678,7.696977
2711,2697,8.760629
2714,2727,10.044198
2717,2718,13.45986
2718,2691,11.193682
2718,2717,13.45986
2720,2743,13.414565
2724,2698,5.516677
2726,2751,8.731763
2727,2680,12.814063
2727,2714,10.044198
2729,2757,13.494288
2731,2689,13.4538
2733,2759,11.064781
2734,2701,10.133981
2743,2720,13.414565
2747,2753,13.35794
2750,2756,10.706455
2751,2770,9.983153
2751,2726,8.731763
2753,2747,13.35794
2756,2750,10.706455
2756,2778,9.011857
2757,2729,13.494288
2759,2733,11.064781
2759,2767,12.274436
2767,2759,12.274436
2770,2751,9.983153
2778,2756,9.011857
2789,2803,12.677538
2803,2789,12.677538
2808,2819,14.594771
2819,2808,14.594771
2822,2853,11.777493
2834,2851,13.686729
2840,2882,14.482024
2851,2834,13.686729
2853,2822,11.777493
2866,2883,12.291804
2875,2885,8.344655
2877,2912,11.834414
2878,2887,13.129397
2880,2910,13.518953
2882,2840,14.482024
2883,2866,12.291804
2883,2898,10.032467
2885,2900,8.962127
2885,2875,8.344655
2887,2878,13.129397
2896,2926,14.434656
2898,2883,10.032467
2900,2934,13.746275
2900,2885,8.962127
2910,2880,13.518953
2912,2877,11.834414
2916,2938,8.97261
2916,2925,9.339769
2922,2962,14.901391
2925,2959,13.522398
2925,2916,9.339769
2925,2938,12.097596
2926,2896,14.434656
2933,2977,13.599868
2934,2900,13.746275
2936,2958,14.494982
2936,2961,10.013057
2938,2959,7.3658705
2938,2925,12.097596
2938,2916,8.97261
2943,2976,14.251683
2955,2965,14.33736
2958,2936,14.494982
2958,2978,14.999921
2959,2925,13.522398
2959,2938,7.3658705
2961,2978,9.702355
2961,2936,10.013057
2962,2922,14.901391
2964,2981,13.845156
2965,2955,14.33736
2965,2999,12.521305
2971,2982,10.437337
2975,2983,11.180706
2975,2998,6.27602
2976,2943,14.251683
2977,2933,13.599868
2978,2961,9.702355
2978,2958,14.999921
2981,2964,13.845156
2982,2971,10.437337
2983,2998,12.683631
2983,2975,11.180706
2996,3007,13.04688
2998,2983,12.683631
2998,2975,6.27602
2999,2965,12.521305
3007,2996,13.04688
3019,3041,13.3749485
3019,3040,9.85987
3024,3054,14.538535
3029,3052,11.811293
3039,3049,4.6987915
3040,3041,9.319586
3040,3019,9.85987
3040,3068,14.602745
3041,3019,13.3749485
3041,3053,6.8490143
3041,3040,9.319586
3049,3039,4.6987915
3052,3029,11.811293
3052,3071,11.362316
3053,3041,6.8490143
3054,3024,14.538535
3061,3081,8.595259
3062,3093,8.523044
3064,3120,14.885665
3068,3040,14.602745
3071,3052,11.362316
3072,3079,14.552305
3074,3113,14.432747
3076,3098,9.733628
3079,3072,14.552305
3081,3061,8.595259
3090,3157,14.570958
3091,3104,9.646329
3093,3062,8.523044
3093,3117,12.313723
3094,3128,14.12624
3094,3117,13.859641
3098,3076,9.733628
3104,3148,14.69383
3104,3091,9.646329
3105,3131,8.295947
3110,3124,5.441216
3110,3158,14.858322
3110,3155,14.656442
3110,3139,9.884607
3111,3119,5.719194
3111,3138,11.223581
3113,3074,14.432747
3117,3093,12.313723
3117,3094,13.859641
3119,3138,5.815859
3119,3111,5.719194
3120,3064,14.885665
3124,3110,5.441216
3124,3139,5.2724767
3124,3155,9.4567
3124,3158,9.713965
3124,3173,14.21476
3128,3094,14.12624
3131,3105,8.295947
3132,3164,10.720291
3132,3161,10.319091
3138,3111,11.223581
3138,3119,5.815859
3139,3124,5.2724767
3139,3155,5.10613
3139,3158,9.250815
3139,3110,9.884607
3139,3176,14.5552
3139,3173,10.523607
3144,3179,14.894154
3148,3104,14.69383
3155,3139,5.10613
3155,3124,9.4567
3155,3191,10.8323
3155,3176,10.716846
3155,3173,5.479228
3155,3110,14.656442
3155,3158,7.3641562
3157,3090,14.570958
3158,3124,9.713965
3158,3110,14.858322
3158,3206,14.779326
3158,3191,10.636858
3158,3176,6.4806633
3158,3155,7.3641562
3158,3139,9.250815
3158,3173,7.839029
3161,3164,11.21083
3161,3132,10.319091
3164,3161,11.21083
3164,3132,10.720291
3169,3171,11.083924
3171,3169,11.083924
3173,3191,5.3962708
3173,3158,7.839029
3173,3176,7.165225
3173,3155,5.479228
3173,3139,10.523607
3173,3206,11.389469
3173,3124,14.21476
3176,3155,10.716846
3176,3173,7.165225
3176,3206,8.456763
3176,3158,6.4806633
3176,3139,14.5552
3176,3191,5.966146
3179,3144,14.894154
3188,3189,12.40773
3189,3188,12.40773
3191,3158,10.636858
3191,3176,5.966146
3191,3173,5.3962708
3191,3206,6.0627
3191,3155,10.8323
3195,3223,10.261549
3198,3217,12.384912
3206,3191,6.0627
3206,3158,14.779326
3206,3173,11.389469
3206,3176,8.456763
3211,3228,13.804337
3217,3198,12.384912
3219,3237,5.283897
3219,3258,8.144975
3219,3266,11.901175
3220,3242,7.5017953
3220,3246,6.9180794
3220,3275,12.845748
3223,3195,10.261549
3228,3240,11.184526
3228,3211,13.804337
3237,3266,6.733273
3237,3258,5.5632534
3237,3219,5.283897
3237,3289,12.577284
3237,3278,14.287049
3240,3228,11.184526
3242,3270,12.363274
3242,3220,7.5017953
3242,3246,11.006129
3242,3275,13.454954
3242,3290,14.179333
3246,3220,6.9180794
3246,3275,6.890798
3246,3242,11.006129
3246,3290,14.253489
3248,3302,14.554865
3252,3268,5.03189
3258,3266,6.8256373
3258,3237,5.5632534
3258,3289,9.837078
3258,3219,8.144975
3263,3306,13.453985
3265,3305,10.494691
3266,3258,6.8256373
3266,3289,6.511347
3266,3237,6.733273
3266,3278,8.886247
3266,3219,11.901175
3266,3314,12.651258
3266,3301,12.607455
3268,3312,11.548671
3268,3252,5.03189
3268,3302,13.626494
3270,3242,12.363274
3270,3290,12.591126
3275,3246,6.890798
3275,3290,8.770507
3275,3242,13.454954
3275,3309,9.181965
3275,3220,12.845748
3276,3323,14.408782
3276,3278,9.39093
3276,3301,11.666789
3276,3315,10.140157
3278,3315,11.563505
3278,3301,7.113891
3278,3289,10.520211
3278,3276,9.39093
3278,3266,8.886247
3278,3314,13.028389
3278,3237,14.287049
3289,3314,6.4572344
3289,3278,10.520211
3289,3237,12.577284
3289,3266,6.511347
3289,3258,9.837078
3289,3301,9.947245
3289,3334,14.459167
3290,3309,8.935662
3290,3242,14.179333
3290,3331,11.6847515
3290,3270,12.591126
3290,3275,8.770507
3290,3246,14.253489
3295,3337,14.892921
3295,3336,14.251877
3295,3307,10.315725
3301,3289,9.947245
3301,3334,8.668059
3301,3315,6.704512
3301,3314,8.3833065
3301,3278,7.113891
3301,3276,11.666789
3301,3266,12.607455
3301,3339,12.641886
3302,3312,9.973912
3302,3268,13.626494
3302,3248,14.554865
3305,3348,12.096347
3305,3325,6.62684
3305,3265,10.494691
3306,3263,13.453985
3307,3295,10.315725
3307,3308,10.440719
3307,3341,11.503379
3307,3336,11.788259
3308,3307,10.440719
3308,3341,10.875924
3308,3344,11.560885
3309,3328,6.6537914
3309,3275,9.181965
3309,3290,8.935662
3309,3331,12.777215
3312,3302,9.973912
3312,3268,11.548671
3314,3289,6.4572344
3314,3301,8.3833065
3314,3266,12.651258
3314,3334,8.732145
3314,3315,13.813155
3314,3278,13.028389
3315,3301,6.704512
3315,3339,7.1231737
3315,3334,9.033097
3315,3276,10.140157
3315,3278,11.563505
3315,3323,12.473471
3315,3314,13.813155
3322,3337,8.262494
3323,3315,12.473471
3323,3339,11.373078
3323,3276,14.408782
3325,3305,6.62684
3325,3348,5.614262
3328,3331,14.454901
3328,3309,6.6537914
3331,3309,12.777215
3331,3328,14.454901
3331,3290,11.6847515
3334,3339,9.091444
3334,3314,8.732145
3334,3301,8.668059
3334,3289,14.459167
3334,3315,9.033097
3336,3307,11.788259
3336,3337,13.074328
3336,3295,14.251877
3336,3341,11.007236
3337,3295,14.892921
3337,3322,8.262494
3337,3336,13.074328
3339,3323,11.373078
3339,3301,12.641886
3339,3334,9.091444
3339,3315,7.1231737
3341,3307,11.503379
3341,3344,12.315566
3341,3336,11.007236
3341,3377,9.875501
3341,3308,10.875924
3341,3394,13.852269
3343,3401,14.442285
3344,3308,11.560885
3344,3356,8.788111
3344,3377,9.79462
3344,3341,12.315566
3348,3325,5.614262
3348,3305,12.096347
3356,3377,11.94709
3356,3344,8.788111
3358,3404,8.429899
3358,3387,7.5011315
3361,3393,6.1888733
3362,3406,11.651093
3369,3398,7.793343
3375,3413,14.277837
3377,3341,9.875501
3377,3344,9.79462
3377,3356,11.94709
3377,3394,7.9564657
3378,3427,12.726903
3378,3410,14.574463
3380,3415,13.135946
3386,3403,13.847556
3387,3358,7.5011315
3387,3404,7.3494473
3391,3420,14.8282175
3393,3361,6.1888733
3394,3341,13.852269
3394,3377,7.9564657
3395,3435,10.991625
3398,3369,7.793343
3399,3405,9.114269
3399,3428,7.8956237
3401,3343,14.442285
3403,3386,13.847556
3404,3358,8.429899
3404,3387,7.3494473
3405,3428,12.231001
3405,3461,13.846825
3405,3399,9.114269
3406,3362,11.651093
3407,3447,13.546656
3410,3444,14.248989
3410,3378,14.574463
3410,3427,10.873698
3413,3375,14.277837
3415,3380,13.135946
3417,3451,14.531365
3420,3391,14.8282175
3427,3410,10.873698
3427,3378,12.726903
3428,3399,7.8956237
3428,3461,10.066118
3428,3405,12.231001
3432,3443,12.756681
3433,3471,13.482121
3435,3395,10.991625
3436,3476,10.789982
3442,3475,10.964393
3443,3432,12.756681
3444,3410,14.248989
3444,3468,5.1493325
3447,3407,13.546656
3451,3417,14.531365
3456,3496,14.235986
3461,3483,11.729076
3461,3495,12.385104
3461,3405,13.846825
3461,3428,10.066118
3466,3492,8.772551
3468,3499,11.832366
3468,3488,13.770675
3468,3444,5.1493325
3470,3473,9.864577
3471,3433,13.482121
3473,3470,9.864577
3475,3442,10.964393
3476,3484,13.767479
3476,3436,10.789982
3481,3506,9.050424
3483,3461,11.729076
3483,3495,11.638097
3484,3476,13.767479
3486,3507,8.16086
3488,3468,13.770675
3492,3466,8.772551
3492,3520,9.741083
3493,3532,14.328969
3495,3461,12.385104
3495,3483,11.638097
3496,3456,14.235986
3499,3512,5.3303337
3499,3468,11.832366
3506,3546,10.186088
3506,3525,14.850915
3506,3481,9.050424
3507,3486,8.16086
3512,3499,5.3303337
3512,3544,12.264177
3512,3551,14.398063
3517,3612,14.116895
3520,3560,10.8290615
3520,3492,9.741083
3525,3506,14.850915
3527,3561,13.901851
3531,3556,13.812707
3531,3541,12.554264
3532,3493,14.328969
3537,3564,14.701219
3537,3555,8.094211
3541,3531,12.554264
3544,3512,12.264177
3544,3551,7.87624
3546,3506,10.186088
3551,3544,7.87624
3551,3512,14.398063
3555,3537,8.094211
3555,3564,7.0037084
3556,3531,13.812707
3560,3520,10.8290615
3560,3581,6.1591353
3561,3527,13.901851
3564,3537,14.701219
3564,3555,7.0037084
3569,3603,10.988804
3575,3606,11.447958
3575,3583,5.696105
3580,3596,14.332674
3581,3560,6.1591353
3583,3606,5.9421697
3583,3575,5.696105
3587,3616,14.836012
3587,3634,14.820472
3590,3633,13.111515
3596,3580,14.332674
3603,3569,10.988804
3606,3575,11.447958
3606,3644,12.113638
3606,3583,5.9421697
3612,3517,14.116895
3613,3637,8.194526
3613,3626,4.8674293
3613,3617,6.196436
3613,3646,13.552332
3614,3623,12.500729
3616,3634,6.423599
3616,3657,13.6206
3616,3587,14.836012
3617,3646,7.881304
3617,3613,6.196436
3617,3626,7.7680845
3617,3667,13.557521
3617,3666,14.988974
3617,3637,6.193352
3623,3614,12.500729
3626,3637,5.4335184
3626,3646,12.786485
3626,3667,11.451595
3626,3617,7.7680845
3626,3613,4.8674293
3631,3678,12.777161
3631,3656,13.57093
3633,3590,13.111515
3633,3684,14.546642
3634,3587,14.820472
3634,3616,6.423599
3634,3657,7.2078447
3637,3646,7.750091
3637,3617,6.193352
3637,3667,7.673622
3637,3626,5.4335184
3637,3613,8.194526
3637,3666,12.00438
3640,3689,13.247411
3644,3681,10.398799
3644,3674,10.393084
3644,3606,12.113638
3644,3665,13.988922
3646,3637,7.750091
3646,3666,7.67979
3646,3617,7.881304
3646,3626,12.786485
3646,3667,10.697557
3646,3613,13.552332
3652,3676,8.077244
3655,3708,13.275676
3656,3631,13.57093
3657,3634,7.2078447
3657,3616,13.6206
3659,3692,9.375159
3665,3644,13.988922
3665,3681,8.448251
3666,3646,7.67979
3666,3637,12.00438
3666,3713,11.947828
3666,3667,9.07739
3666,3617,14.988974
3667,3646,10.697557
3667,3637,7.673622
3667,3617,13.557521
3667,3626,11.451595
3667,3666,9.07739
3672,3682,10.417643
3673,3687,8.882427
3674,3681,10.11307
3674,3644,10.393084
3676,3652,8.077244
3676,3702,9.216579
3678,3631,12.777161
3679,3714,10.429431
3681,3665,8.448251
3681,3674,10.11307
3681,3644,10.398799
3682,3672,10.417643
3684,3633,14.546642
3685,3722,13.308386
3687,3673,8.882427
3689,3640,13.247411
3692,3659,9.375159
3695,3730,12.960256
3702,3710,13.554323
3702,3676,9.216579
3703,3740,12.272905
3708,3655,13.275676
3710,3702,13.554323
3710,3713,13.657342
3712,3724,13.094577
3713,3666,11.947828
3713,3710,13.657342
3714,3679,10.429431
3716,3741,8.875339
3719,3755,10.977761
3722,3685,13.308386
3724,3712,13.094577
3724,3771,13.318549
3730,3695,12.960256
3733,3759,9.334855
3734,3775,11.772636
3736,3742,14.194746
3738,3753,9.3962755
3740,3703,12.272905
3741,3716,8.875339
3742,3736,14.194746
3753,3738,9.3962755
3755,3719,10.977761
3755,3795,10.228624
3755,3758,8.209379
3758,3755,8.209379
3758,3795,9.569446
3759,3733,9.334855
3759,3789,10.368699
3766,3797,14.076844
3768,3790,14.253254
3771,3724,13.318549
3775,3734,11.772636
3777,3786,10.4662895
3780,3781,14.968116
3781,3780,14.968116
3783,3818,14.828398
3786,3777,10.4662895
3789,3759,10.368699
3790,3768,14.253254
3795,3755,10.228624
3795,3811,7.9402585
3795,3758,9.569446
3797,3766,14.076844
3797,3814,12.633884
3802,3814,11.161005
3802,3828,9.706153
3811,3795,7.9402585
3814,3828,8.777723
3814,3802,11.161005
3814,3797,12.633884
3818,3783,14.828398
3818,3843,11.499077
3828,3814,8.777723
3828,3802,9.706153
3842,3844,8.616252
3843,3818,11.499077
3844,3842,8.616252
3857,3873,13.848333
3857,3884,13.673352
3859,3890,14.3944025
3868,3888,8.064447
3873,3884,11.536356
3873,3857,13.848333
3877,3906,11.668037
3880,3899,10.353204
3880,3913,13.738622
3884,3873,11.536356
3884,3857,13.673352
3884,3893,11.066691
3884,3915,14.304067
3885,3893,11.6409855
3888,3868,8.064447
3890,3859,14.3944025
3890,3922,12.580084
3893,3884,11.066691
3893,3885,11.6409855
3893,3915,8.477575
3899,3913,11.379848
3899,3880,10.353204
3902,3925,7.5704374
3906,3909,10.976673
3906,3877,11.668037
3909,3906,10.976673
3913,3880,13.738622
3913,3899,11.379848
3915,3893,8.477575
3915,3884,14.304067
3922,3890,12.580084
3925,3902,7.5704374
3925,3953,12.526508
3926,3934,7.4462247
3926,3945,13.7307005
3926,3958,13.301582
3932,3951,10.899714
3934,3958,8.400965
3934,3945,6.387598
3934,3926,7.4462247
3945,3958,6.7248836
3945,3926,13.7307005
3945,3934,6.387598
3947,3962,11.349778
3949,3968,11.972988
3951,3932,10.899714
3952,3962,8.628977
3952,3986,13.064821
3953,3925,12.526508
3958,3926,13.301582
3958,3934,8.400965
3958,3945,6.7248836
3959,3981,12.838288
3962,3952,8.628977
3962,3947,11.349778
3968,3949,11.972988
3979,4014,11.539165
3981,3959,12.838288
3986,3952,13.064821
3992,4023,12.459377
4012,4026,7.9300985
4013,4015,6.6788316
4013,4029,7.3146324
4014,3979,11.539165
4015,4013,6.6788316
4015,4029,10.662815
4019,4034,13.180315
4023,3992,12.459377
4023,4061,12.000284
4024,4073,14.998283
4026,4012,7.9300985
4029,4015,10.662815
4029,4013,7.3146324
4030,4063,11.334622
4034,4019,13.180315
4041,4066,13.926002
4050,4062,10.317375
4052,4070,9.239496
4060,4070,11.675034
4061,4023,12.000284
4062,4050,10.317375
4063,4030,11.334622
4064,4076,11.903688
4066,4041,13.926002
4069,4076,10.27683
4070,4060,11.675034
4070,4052,9.239496
4073,4024,14.998283
4076,4069,10.27683
4076,4064,11.903688
4094,4120,13.1831455
4098,4123,11.791305
4107,4136,13.441522
4107,4131,14.178213
4116,4131,11.833569
4116,4125,10.068004
4117,4127,9.817928
4120,4094,13.1831455
4123,4098,11.791305
4123,4149,12.64352
4125,4116,10.068004
4127,4117,9.817928
4131,4116,11.833569
4131,4136,12.671834
4131,4151,11.874289
4131,4107,14.178213
4136,4161,11.791701
4136,4107,13.441522
4136,4131,12.671834
4139,4158,14.741312
4147,4186,13.894096
4149,4177,11.424215
4149,4123,12.64352
4151,4131,11.874289
4158,4139,14.741312
4158,4182,11.554477
4161,4136,11.791701
4166,4176,4.0840425
4176,4166,4.0840425
4177,4149,11.424215
4182,4158,11.554477
4186,4147,13.894096
4194,4219,14.912969
4219,4194,14.912969
4221,4235,14.322588
4235,4221,14.322588
4249,4267,12.113931
4249,4254,14.212256
4254,4249,14.212256
4259,4277,8.614407
4262,4272,7.1358886
4267,4249,12.113931
4267,4308,14.63386
4272,4262,7.1358886
4276,4281,12.780688
4277,4259,8.614407
4281,4276,12.780688
4292,4320,14.731763
4308,4267,14.63386
4308,4315,14.077206
4313,4316,7.0837445
4315,4308,14.077206
4316,4313,7.0837445
4320,4340,7.0581875
4320,4361,13.716197
4320,4348,14.480567
4320,4292,14.731763
4321,4362,13.626373
4325,4364,11.8279505
4326,4359,10.293847
4332,4338,9.759457
4338,4332,9.759457
4340,4361,6.7606926
4340,4320,7.0581875
4340,4348,10.792265
4348,4340,10.792265
4348,4320,14.480567
4348,4372,7.4252625
4348,4361,9.383414
4352,4373,10.426874
4359,4326,10.293847
4361,4320,13.716197
4361,4340,6.7606926
4361,4348,9.383414
4361,4372,11.545432
4362,4321,13.626373
4362,4379,8.020049
4364,4376,12.471974
4364,4325,11.8279505
4372,4361,11.545432
4372,4348,7.4252625
4373,4416,14.1249
4373,4352,10.426874
4376,4364,12.471974
4376,4398,14.265376
4379,4362,8.020049
4381,4408,11.28092
4383,4426,13.723799
4390,4438,14.777748
4393,4403,11.688656
4393,4423,13.099369
4398,4376,14.265376
4403,4423,7.529861
4403,4393,11.688656
4408,4413,10.3229685
4408,4381,11.28092
4410,4440,12.344042
4413,4408,10.3229685
4416,4373,14.1249
4423,4403,7.529861
4423,4393,13.099369
4426,4383,13.723799
4438,4390,14.777748
4440,4410,12.344042
4446,4462,12.176525
4460,4472,14.044758
4462,4446,12.176525
4463,4508,12.318479
4469,4478,9.740046
4470,4513,13.039233
4472,4460,14.044758
4478,4469,9.740046
4483,4503,14.66622
4483,4484,7.89635
4484,4503,7.487248
4484,4483,7.89635
4503,4483,14.66622
4503,4484,7.487248
4508,4463,12.318479
4509,4536,13.435617
4513,4470,13.039233
4513,4527,11.309889
4527,4513,11.309889
4536,4537,5.824849
4536,4559,10.072272
4536,4509,13.435617
4537,4536,5.824849
4537,4559,10.896007
4547,4571,7.1381273
4547,4557,14.870362
4548,4583,12.425789
4555,4592,10.722405
4557,4547,14.870362
4559,4536,10.072272
4559,4537,10.896007
4571,4547,7.1381273
4572,4586,6.445207
4575,4603,13.191468
4580,4612,13.877268
4583,4548,12.425789
4586,4593,10.707991
4586,4572,6.445207
4592,4555,10.722405
4593,4586,10.707991
4594,4625,12.632175
4596,4603,9.559229
4603,4575,13.191468
4603,4596,9.559229
4610,4619,10.276778
4610,4627,10.013259
4612,4580,13.877268
4619,4627,13.926171
4619,4610,10.276778
4625,4594,12.632175
4627,4610,10.013259
4627,4619,13.926171
4633,4686,14.565939
4633,4668,8.792737
4633,4667,10.211783
4648,4672,14.092929
4652,4677,9.862724
4655,4683,10.547705
4656,4663,13.313176
4656,4675,14.62115
4661,4716,13.856628
4663,4656,13.313176
4667,4686,7.1554537
4667,4633,10.211783
4667,4668,11.158387
4668,4686,10.340018
4668,4633,8.792737
4668,4667,11.158387
4670,4691,13.793886
4672,4648,14.092929
4675,4656,14.62115
4676,4696,11.941368
4677,4652,9.862724
4683,4655,10.547705
4686,4667,7.1554537
4686,4668,10.340018
4686,4633,14.565939
4691,4670,13.793886
4694,4713,7.1463585
4696,4676,11.941368
4713,4694,7.1463585
4713,4738,8.775723
4715,4744,9.750307
4716,4661,13.856628
4721,4732,11.745143
4721,4751,10.594144
4732,4721,11.745143
4738,4771,11.807133
4738,4713,8.775723
4744,4715,9.750307
4749,4770,12.7934475
4751,4721,10.594144
4756,4770,9.092142
4763,4791,14.254673
4768,4771,14.17768
4770,4801,14.109359
4770,4749,12.7934475
4770,4756,9.092142
4771,4768,14.17768
4771,4738,11.807133
4789,4801,14.903906
4791,4763,14.254673
4801,4770,14.109359
4801,4789,14.903906
4807,4822,12.314604
4808,4848,14.237974
4818,4827,9.9358425
4819,4851,13.691668
4822,4807,12.314604
4827,4818,9.9358425
4827,4830,7.211044
4830,4837,10.371349
4830,4827,7.211044
4834,4874,12.391778
4837,4830,10.371349
4848,4808,14.237974
4851,4819,13.691668
4874,4834,12.391778
4899,4933,13.9782
4902,4932,10.559447
4907,4922,7.921818
4922,4907,7.921818
4932,4902,10.559447
4933,4899,13.9782
4940,4945,11.190437
4945,4940,11.190437
4955,4997,12.722169
4957,4983,5.8302484
4960,4997,14.6396265
4971,5015,14.14921
4983,4957,5.8302484
4991,5035,14.334963
4997,4960,14.6396265
4997,4955,12.722169
5000,5024,14.414247
5002,5051,11.63594
5015,4971,14.14921
5024,5052,9.8916645
5024,5000,14.414247
5030,5070,12.047503
5034,5041,14.0765915
5035,4991,14.334963
5041,5034,14.0765915
5048,5088,8.039759
5051,5057,14.447524
5051,5002,11.63594
5052,5024,9.8916645
5054,5067,9.569424
5057,5051,14.447524
5058,5060,9.237476
5060,5058,9.237476
5067,5054,9.569424
5070,5030,12.047503
5087,5115,8.230482
5087,5134,14.783742
5088,5048,8.039759
5112,5129,12.620757
5115,5087,8.230482
5115,5134,7.342519
5129,5112,12.620757
5131,5136,9.482986
5134,5115,7.342519
5134,5087,14.783742
5136,5131,9.482986
5141,5177,14.427486
5149,5154,11.69588
5149,5164,6.659985
5152,5181,5.847001
5154,5149,11.69588
5158,5208,13.668349
5158,5198,14.897731
5164,5149,6.659985
5170,5191,10.427606
5171,5213,9.871218
5174,5188,14.055852
5174,5218,11.903266
5177,5141,14.427486
5178,5228,13.347655
5181,5152,5.847001
5188,5218,11.379905
5188,5174,14.055852
5191,5170,10.427606
5193,5238,11.10105
5196,5241,12.23947
5196,5212,9.821132
5198,5158,14.897731
5208,5229,8.56809
5208,5158,13.668349
5212,5196,9.821132
5213,5171,9.871218
5218,5188,11.379905
5218,5174,11.903266
5228,5242,10.6174345
5228,5178,13.347655
5229,5208,8.56809
5238,5193,11.10105
5241,5196,12.23947
5242,5228,10.6174345
5260,5323,14.283918
5262,5310,13.038404
5289,5322,11.540656
5296,5301,11.06701
5301,5296,11.06701
5310,5262,13.038404
5310,5364,14.739312
5316,5346,12.997919
5322,5289,11.540656
5323,5260,14.283918
5328,5373,13.9427395
5331,5336,11.398646
5335,5345,13.983708
5336,5331,11.398646
5345,5335,13.983708
5346,5316,12.997919
5356,5376,7.754701
5356,5397,13.722393
5364,5310,14.739312
5367,5387,6.3640943
5371,5406,14.90932
5373,5328,13.9427395
5376,5397,6.750044
5376,5356,7.754701
5387,5367,6.3640943
5390,5413,12.583166
5392,5396,12.064769
5396,5392,12.064769
5397,5376,6.750044
5397,5356,13.722393
5406,5371,14.90932
5413,5390,12.583166
5423,5464,13.73419
5423,5460,14.522163
5428,5444,11.816619
5438,5448,14.596744
5444,5428,11.816619
5448,5438,14.596744
5456,5472,10.80848
5460,5423,14.522163
5464,5423,13.73419
5472,5530,13.146742
5472,5456,10.80848
5491,5492,10.407891
5492,5508,10.629145
5492,5491,10.407891
5508,5492,10.629145
5508,5543,9.899077
5509,5519,11.496646
5509,5537,10.746301
5519,5537,11.6739235
5519,5509,11.496646
5528,5546,13.945248
5530,5472,13.146742
5537,5519,11.6739235
5537,5509,10.746301
5541,5570,12.564901
5541,5554,11.510626
5543,5508,9.899077
5546,5528,13.945248
5553,5565,11.96943
5554,5592,12.935456
5554,5541,11.510626
5555,5580,13.967316
5557,5579,13.193015
5565,5553,11.96943
5570,5541,12.564901
5579,5557,13.193015
5580,5555,13.967316
5586,5637,14.414309
5588,5626,11.137072
5589,5611,12.942696
5592,5554,12.935456
5593,5600,11.920009
5595,5613,6.5801215
5600,5593,11.920009
5601,5638,10.250117
5611,5589,12.942696
5613,5595,6.5801215
5626,5588,11.137072
5629,5637,14.824608
5637,5586,14.414309
5637,5629,14.824608
5638,5601,10.250117
5644,5672,12.458937
5644,5666,9.907299
5649,5676,10.787943
5650,5669,11.16474
5652,5670,13.138157
5660,5676,14.188143
5666,5644,9.907299
5666,5672,12.460431
5667,5693,11.796927
5669,5650,11.16474
5670,5652,13.138157
5672,5644,12.458937
5672,5666,12.460431
5672,5704,13.607904
5676,5649,10.787943
5676,5660,14.188143
5678,5719,14.916361
5681,5708,13.9858055
5693,5667,11.796927
5693,5707,12.978467
5704,5672,13.607904
5707,5693,12.978467
5708,5681,13.9858055
5713,5720,14.14428
5719,5757,13.197117
5719,5678,14.916361
5720,5713,14.14428
5740,5790,13.420573
5744,5774,13.490654
5746,5768,7.599414
5752,5781,8.312856
5757,5719,13.197117
5760,5783,13.809263
5768,5746,7.599414
5773,5795,14.2751255
5774,5744,13.490654
5781,5795,12.217745
5781,5752,8.312856
5783,5760,13.809263
5783,5809,11.968315
5786,5812,10.95678
5790,5740,13.420573
5795,5781,12.217745
5795,5773,14.2751255
5797,5806,11.784854
5798,5799,12.464691
5799,5798,12.464691
5802,5827,13.363306
5803,5838,11.99774
5806,5797,11.784854
5809,5783,11.968315
5812,5837,8.466878
5812,5786,10.95678
5812,5827,12.744958
5812,5840,13.341983
5821,5847,12.095751
5822,5835,13.558683
5823,5855,9.87969
5823,5840,14.473735
5827,5837,12.035035
5827,5802,13.363306
5827,5870,14.575163
5827,5812,12.744958
5835,5822,13.558683
5837,5812,8.466878
5837,5840,10.378687
5837,5875,13.926902
5837,5870,11.570776
5837,5827,12.035035
5838,5803,11.99774
5840,5855,12.694908
5840,5823,14.473735
5840,5875,11.980108
5840,5812,13.341983
5840,5837,10.378687
5842,5898,14.355704
5847,5856,9.94519
5847,5821,12.095751
5855,5840,12.694908
5855,5823,9.87969
5856,5847,9.94519
5859,5902,14.528434
5859,5913,12.391919
5862,5890,14.180419
5863,5878,12.048666
5870,5875,13.4330435
5870,5837,11.570776
5870,5827,14.575163
5875,5840,11.980108
5875,5870,13.4330435
5875,5837,13.926902
5878,5863,12.048666
5878,5885,7.5182104
5878,5931,13.003672
5885,5878,7.5182104
5885,5935,13.683206
5885,5895,11.098366
5885,5931,13.307061
5890,5862,14.180419
5895,5885,11.098366
5895,5935,11.024893
5896,5933,9.555874
5897,5919,7.4620185
5898,5842,14.355704
5902,5913,12.562367
5902,5859,14.528434
5907,5950,11.992696
5912,5977,13.507378
5913,5902,12.562367
5913,5859,12.391919
5914,5970,12.723086
5919,5897,7.4620185
5926,5969,3.9994202
5931,5935,11.1179285
5931,5878,13.003672
5931,5885,13.307061
5932,5956,14.080986
5933,5896,9.555874
5933,5961,9.103352
5934,5958,9.652097
5935,5885,13.683206
5935,5895,11.024893
5935,5931,11.1179285
5950,5907,11.992696
5950,5965,13.327603
5953,5969,12.725834
5956,5977,13.399943
5956,5932,14.080986
5957,5988,11.528604
5958,5934,9.652097
5958,5988,14.972634
5961,5972,10.739554
5961,5933,9.103352
5962,6013,14.532659
5965,5950,13.327603
5965,6003,13.170711
5969,5926,3.9994202
5969,5953,12.725834
5970,5914,12.723086
5970,5990,11.334788
5972,5961,10.739554
5977,5912,13.507378
5977,5956,13.399943
5980,6014,10.581691
5988,5958,14.972634
5988,5957,11.528604
5990,5970,11.334788
5999,6029,14.731024
6003,5965,13.170711
6013,5962,14.532659
6013,6048,13.413654
6014,5980,10.581691
6017,6040,12.744469
6025,6054,13.018277
6029,5999,14.731024
6032,6067,11.102268
6040,6017,12.744469
6048,6013,13.413654
6054,6025,13.018277
6056,6060,11.209048
6060,6056,11.209048
6062,6065,12.233547
6062,6089,11.552365
6064,6086,11.3157425
6065,6062,12.233547
6067,6032,11.102268
6070,6079,12.133386
6070,6117,14.9931135
6079,6113,14.412463
6079,6070,12.133386
