Object,Neighbor,Distance
33,36,9.928467
36,33,9.928467
51,52,14.565056
52,51,14.565056
95,104,9.251808
104,95,9.251808
160,167,14.29915
167,160,14.29915
188,199,11.740153
199,188,11.740153
199,214,12.80932
213,218,13.686439
214,199,12.80932
218,213,13.686439
226,232,10.987955
232,226,10.987955
354,368,8.9411
368,354,8.9411
370,388,14.604006
388,370,14.604006
395,418,14.876406
412,419,9.011269
418,395,14.876406
419,412,9.011269
511,525,11.057059
525,511,11.057059
545,567,14.489465
567,545,14.489465
586,596,10.0365
596,586,10.0365
633,643,8.924232
643,633,8.924232
647,665,14.932274
650,664,13.439123
664,650,13.439123
665,647,14.932274
672,684,14.663082
684,672,14.663082
686,707,13.581564
707,686,13.581564
756,770,14.52119
770,756,14.52119
783,796,6.487306
783,788,10.391407
783,810,13.134996
783,792,13.561793
788,783,10.391407
788,810,12.558119
792,796,7.7786603
792,783,13.561793
796,792,7.7786603
796,810,13.441702
796,783,6.487306
810,783,13.134996
810,831,7.8880095
810,796,13.441702
810,788,12.558119
831,810,7.8880095
833,834,6.55415
834,833,6.55415
909,935,11.338207
909,918,10.196084
918,909,10.196084
918,935,10.79388
922,949,14.652688
935,918,10.79388
935,909,11.338207
949,922,14.652688
959,971,13.451019
961,998,14.5960245
963,987,11.668288
971,959,13.451019
973,997,10.747699
987,963,11.668288
997,973,10.747699
998,961,14.5960245
1079,1093,13.713905
1093,1079,13.713905
1100,1117,12.474197
1117,1100,12.474197
1126,1146,10.011235
1146,1126,10.011235
1198,1206,13.483956
1198,1209,12.733325
1206,1198,13.483956
1209,1198,12.733325
1229,1258,11.398786
1235,1260,14.818386
1238,1266,12.349508
1258,1229,11.398786
1260,1235,14.818386
1265,1288,9.028537
1266,1238,12.349508
1273,1298,10.845074
1288,1265,9.028537
1289,1310,10.982068
1291,1329,14.046127
1298,1273,10.845074
1308,1328,14.921413
1310,1289,10.982068
1314,1345,13.152365
1328,1308,14.921413
1329,1291,14.046127
1345,1314,13.152365
1348,1392,14.8729315
1350,1369,13.478406
1358,1374,14.626344
1362,1363,14.834823
1363,1362,14.834823
1368,1407,14.250745
1369,1350,13.478406
1374,1358,14.626344
1392,1348,14.8729315
1407,1368,14.250745
1407,1440,13.14929
1440,1407,13.14929
1450,1481,13.1471815
1465,1496,11.416143
1467,1504,12.805938
1472,1491,14.971335
1481,1450,13.1471815
1491,1472,14.971335
1496,1465,11.416143
1496,1544,14.298425
1498,1537,11.627781
1504,1467,12.805938
1507,1530,9.950101
1530,1507,9.950101
1537,1498,11.627781
1544,1558,12.233215
1544,1496,14.298425
1558,1544,12.233215
1636,1655,13.245584
1642,1657,12.968975
1655,1636,13.245584
1657,1642,12.968975
1663,1692,10.891477
1669,1709,13.126711
1692,1663,10.891477
1692,1717,11.753797
1697,1735,13.556051
1709,1669,13.126711
1717,1692,11.753797
1735,1697,13.556051
1748,1786,14.681574
1776,1808,14.884083
1786,1748,14.681574
1808,1824,13.832234
1808,1776,14.884083
1810,1824,13.833957
1823,1836,12.908128
1824,1808,13.832234
1824,1810,13.833957
1836,1823,12.908128
1836,1855,14.113547
1855,1836,14.113547
1872,1903,11.9260435
1903,1872,11.9260435
1920,1945,14.319214
1945,1920,14.319214
1967,2002,12.14073
1975,1986,14.383504
1982,2007,14.130371
1986,1975,14.383504
2002,1967,12.14073
2004,2038,7.4137454
2007,1982,14.130371
2017,2021,14.78555
2021,2017,14.78555
2034,2056,14.508744
2038,2004,7.4137454
2056,2034,14.508744
2075,2111,14.4606285
2080,2108,12.536437
2104,2145,10.42372
2108,2080,12.536437
2108,2151,14.959307
2111,2075,14.4606285
2114,2135,6.998822
2119,2164,13.071947
2119,2126,13.945625
2124,2163,14.716837
2126,2119,13.945625
2132,2135,14.104545
2135,2114,6.998822
2135,2132,14.104545
2145,2104,10.42372
2151,2108,14.959307
2156,2197,13.775229
2163,2124,14.716837
2164,2119,13.071947
2175,2216,14.862014
2190,2224,13.500808
2197,2156,13.775229
2212,2222,6.233224
2216,2175,14.862014
2222,2212,6.233224
2224,2190,13.500808
2237,2260,13.667775
2245,2277,12.106149
2246,2259,8.529001
2259,2246,8.529001
2260,2237,13.667775
2275,2288,14.698762
2277,2308,11.061333
2277,2245,12.106149
2288,2275,14.698762
2291,2328,10.984256
2308,2277,11.061333
2310,2319,12.748432
2319,2310,12.748432
2328,2291,10.984256
2369,2413,13.456278
2413,2369,13.456278
2441,2473,14.73356
2457,2479,5.0918493
2470,2499,13.022901
2473,2441,14.73356
2479,2457,5.0918493
2494,2495,13.21574
2495,2494,13.21574
2499,2470,13.022901
2500,2524,14.765075
2506,2532,12.024914
2524,2500,14.765075
2532,2506,12.024914
2560,2594,12.209891
2590,2634,14.059859
2594,2560,12.209891
2610,2654,13.225326
2611,2665,14.74062
2620,2667,14.853553
2634,2590,14.059859
2654,2610,13.225326
2655,2700,12.43643
2665,2611,14.74062
2667,2620,14.853553
2700,2655,12.43643
2733,2777,14.878042
2766,2784,12.547101
2766,2810,12.829245
2773,2806,11.059858
2777,2812,13.06811
2777,2733,14.878042
2784,2810,12.9932
2784,2766,12.547101
2785,2826,14.654866
2806,2773,11.059858
2810,2766,12.829245
2810,2784,12.9932
2812,2823,12.898871
2812,2777,13.06811
2823,2812,12.898871
2826,2785,14.654866
2838,2872,11.465676
2859,2904,12.416088
2870,2911,13.770893
2872,2838,11.465676
2888,2925,14.1956215
2891,2932,14.433728
2904,2859,12.416088
2911,2870,13.770893
2925,2888,14.1956215
2932,2891,14.433728
2963,2993,11.011918
2969,3001,13.802296
2975,3007,12.200863
2993,2963,11.011918
2997,2998,6.2469683
2998,2997,6.2469683
3001,2969,13.802296
3004,3047,12.364923
3007,2975,12.200863
3007,3037,8.851302
3037,3075,8.124466
3037,3007,8.851302
3047,3004,12.364923
3049,3076,7.8514485
3049,3084,11.029811
3049,3098,12.259412
3053,3102,9.356492
3075,3037,8.124466
3076,3084,14.782768
3076,3098,6.1760764
3076,3049,7.8514485
3076,3122,12.513269
3077,3111,13.869134
3084,3049,11.029811
3084,3076,14.782768
3084,3098,14.412829
3084,3122,10.6797
3098,3049,12.259412
3098,3076,6.1760764
3098,3084,14.412829
3098,3122,7.7444706
3102,3120,10.839026
3102,3053,9.356492
3111,3077,13.869134
3120,3102,10.839026
3122,3098,7.7444706
3122,3076,12.513269
3122,3084,10.6797
3135,3188,13.311568
3144,3169,13.490417
3158,3179,12.326495
3162,3197,14.289796
3164,3217,12.004081
3166,3218,11.535668
3166,3189,7.305967
3166,3180,7.153159
3169,3225,12.148319
3169,3144,13.490417
3179,3158,12.326495
3180,3166,7.153159
3180,3189,11.623976
3180,3218,12.800252
3181,3207,9.343729
3182,3230,13.915887
3188,3135,13.311568
3189,3218,5.7087197
3189,3166,7.305967
3189,3180,11.623976
3197,3162,14.289796
3207,3181,9.343729
3208,3274,12.985633
3208,3229,14.730933
3217,3164,12.004081
3218,3180,12.800252
3218,3166,11.535668
3218,3189,5.7087197
3225,3244,12.558618
3225,3169,12.148319
3225,3288,12.962787
3229,3274,11.704258
3229,3208,14.730933
3230,3182,13.915887
3242,3311,14.184483
3244,3225,12.558618
3251,3317,14.070319
3268,3314,13.242433
3274,3208,12.985633
3274,3229,11.704258
3288,3225,12.962787
3295,3338,14.640424
3307,3310,14.05188
3310,3307,14.05188
3311,3242,14.184483
3314,3268,13.242433
3317,3251,14.070319
3326,3333,11.884609
3333,3326,11.884609
3338,3295,14.640424
3364,3401,13.924049
3366,3416,12.974403
3369,3409,10.3306
3398,3432,10.45997
3398,3436,14.197785
3398,3453,14.758331
3398,3423,12.635069
3401,3364,13.924049
3409,3458,12.046316
3409,3369,10.3306
3416,3366,12.974403
3419,3444,11.18773
3423,3398,12.635069
3423,3432,13.330388
3423,3453,14.279446
3432,3423,13.330388
3432,3453,4.596362
3432,3398,10.45997
3432,3436,5.415434
3435,3466,14.186797
3436,3472,13.122994
3436,3453,6.5408354
3436,3432,5.415434
3436,3398,14.197785
3441,3471,14.403447
3444,3419,11.18773
3453,3398,14.758331
3453,3423,14.279446
3453,3436,6.5408354
3453,3432,4.596362
3458,3409,12.046316
3466,3435,14.186797
3471,3441,14.403447
3472,3436,13.122994
3491,3526,10.020096
3500,3549,13.829796
3512,3548,10.663933
3526,3491,10.020096
3548,3578,9.0829315
3548,3512,10.663933
3549,3500,13.829796
3551,3609,14.717825
3578,3548,9.0829315
3581,3630,14.370035
3600,3638,9.951319
3609,3551,14.717825
3630,3581,14.370035
3638,3600,9.951319
3664,3675,12.954965
3675,3664,12.954965
3676,3719,13.571459
3691,3710,13.341566
3691,3727,13.891386
3703,3757,14.512761
3710,3691,13.341566
3719,3676,13.571459
3727,3691,13.891386
3744,3766,14.748642
3757,3703,14.512761
3766,3744,14.748642
3779,3843,12.510581
3783,3823,7.839669
3820,3824,14.926447
3823,3783,7.839669
3824,3820,14.926447
3838,3878,11.748886
3839,3886,14.058501
3839,3864,11.088056
3843,3779,12.510581
3864,3839,11.088056
3864,3898,10.124445
3870,3893,12.002846
3878,3923,12.799545
3878,3838,11.748886
3886,3839,14.058501
3893,3870,12.002846
3898,3864,10.124445
3901,3908,10.539716
3908,3901,10.539716
3920,3923,11.89709
3923,3878,12.799545
3923,3920,11.89709
3947,3968,11.639295
3960,3972,14.721504
3968,3947,11.639295
3972,3960,14.721504
3974,3998,13.475301
3985,4004,8.077131
3998,3974,13.475301
3998,4026,14.921129
4004,3985,8.077131
4004,4040,11.090414
4026,3998,14.921129
4027,4057,12.140009
4040,4004,11.090414
4045,4084,14.654025
4057,4027,12.140009
4058,4071,8.996811
4065,4090,7.247689
4071,4058,8.996811
4074,4075,14.220738
4075,4074,14.220738
4084,4045,14.654025
4090,4130,11.565561
4090,4065,7.247689
4120,4139,13.920274
4125,4138,12.048361
4130,4090,11.565561
4136,4166,14.126115
4138,4125,12.048361
4139,4120,13.920274
4141,4145,10.129371
4141,4186,13.536255
4145,4141,10.129371
4166,4136,14.126115
4186,4141,13.536255
4191,4244,14.892931
4217,4247,9.312973
4228,4245,7.396654
4244,4245,11.83316
4244,4191,14.892931
4245,4244,11.83316
4245,4228,7.396654
4247,4217,9.312973
4265,4305,11.522512
4265,4287,7.584412
4265,4283,14.307182
4265,4317,14.6133375
4283,4287,8.736558
4283,4317,9.359685
4283,4265,14.307182
4287,4317,7.135119
4287,4331,11.476995
4287,4305,10.279314
4287,4283,8.736558
4287,4265,7.584412
4300,4342,11.029592
4305,4331,8.915419
4305,4265,11.522512
4305,4287,10.279314
4305,4317,12.251532
4315,4350,11.998528
4317,4331,7.4974947
4317,4287,7.135119
4317,4283,9.359685
4317,4265,14.6133375
4317,4305,12.251532
4319,4383,12.831918
4327,4376,14.847899
4331,4287,11.476995
4331,4305,8.915419
4331,4317,7.4974947
4342,4300,11.029592
4350,4315,11.998528
4353,4399,14.340075
4369,4400,6.3567147
4376,4327,14.847899
4377,4385,4.9679527
4383,4319,12.831918
4385,4377,4.9679527
4399,4353,14.340075
4400,4369,6.3567147
4422,4452,13.167679
4425,4469,14.670133
4437,4455,8.568662
4452,4422,13.167679
4455,4437,8.568662
4469,4425,14.670133
4475,4525,10.530486
4483,4545,14.368471
4484,4516,14.630296
4506,4539,9.269812
4516,4484,14.630296
4520,4577,14.51193
4525,4475,10.530486
4539,4506,9.269812
4542,4571,12.25066
4544,4548,12.7166395
4545,4483,14.368471
4548,4544,12.7166395
4571,4542,12.25066
4572,4585,14.436458
4577,4520,14.51193
4585,4572,14.436458
4615,4664,14.50621
4630,4675,13.279344
4633,4690,13.239041
4647,4691,13.79806
4664,4615,14.50621
4675,4630,13.279344
4690,4633,13.239041
4691,4647,13.79806
4719,4747,13.906583
4732,4783,14.716394
4739,4790,12.707239
4745,4773,14.135206
4747,4719,13.906583
4757,4786,14.084011
4773,4745,14.135206
4783,4732,14.716394
4786,4757,14.084011
4789,4828,10.116333
4790,4739,12.707239
4828,4789,10.116333
4849,4884,11.338084
4866,4882,13.397881
4878,4943,13.211526
4882,4866,13.397881
4884,4849,11.338084
4924,4958,10.514924
4943,4878,13.211526
4949,4959,14.926604
4958,4924,10.514924
4959,4949,14.926604
4977,4987,14.847387
4987,4977,14.847387
4996,5039,14.547503
5002,5070,14.464137
5009,5060,13.665284
5024,5046,10.613193
5039,4996,14.547503
5043,5044,13.385751
5044,5043,13.385751
5046,5024,10.613193
5050,5062,14.52353
5059,5061,13.963942
5060,5009,13.665284
5061,5059,13.963942
5062,5050,14.52353
5070,5002,14.464137
5073,5137,13.26485
5103,5108,7.6640835
5103,5144,11.258992
5108,5103,7.6640835
5108,5144,12.80365
5127,5153,14.219271
5137,5073,13.26485
5144,5108,12.80365
5144,5103,11.258992
5145,5201,14.114063
5153,5170,12.522793
5153,5127,14.219271
5170,5153,12.522793
5177,5226,14.310774
5191,5244,12.879929
5201,5145,14.114063
5203,5237,10.350254
5205,5222,7.1021123
5222,5205,7.1021123
5226,5177,14.310774
5232,5285,14.511856
5236,5264,12.653978
5237,5203,10.350254
5244,5191,12.879929
5264,5236,12.653978
5274,5310,9.537008
5276,5277,14.344885
5277,5312,11.790806
5277,5276,14.344885
5278,5328,12.60058
5285,5232,14.511856
5304,5363,13.203657
5310,5274,9.537008
5310,5362,11.0885725
5312,5277,11.790806
5328,5278,12.60058
5336,5392,11.550586
5350,5394,14.890548
5359,5410,10.242454
5362,5310,11.0885725
5363,5304,13.203657
5392,5336,11.550586
5394,5350,14.890548
5397,5462,14.335314
5410,5359,10.242454
5410,5429,8.579204
5416,5435,13.653298
5429,5410,8.579204
5435,5416,13.653298
5441,5476,13.79013
5462,5397,14.335314
5463,5515,14.83991
5472,5522,12.648083
5476,5441,13.79013
5483,5538,12.295601
5487,5518,8.341412
5514,5565,13.479673
5515,5463,14.83991
5518,5523,14.847946
5518,5487,8.341412
5522,5472,12.648083
5523,5518,14.847946
5525,5571,9.999575
5526,5551,5.5261316
5527,5538,13.979226
5529,5577,7.865738
5533,5557,11.154715
5538,5483,12.295601
5538,5527,13.979226
5545,5586,11.272796
5551,5526,5.5261316
5552,5564,10.92391
5557,5571,13.382077
5557,5533,11.154715
5564,5552,10.92391
5565,5514,13.479673
5569,5574,14.017774
5571,5557,13.382077
5571,5525,9.999575
5574,5569,14.017774
5577,5529,7.865738
5586,5545,11.272796
5595,5654,14.571539
5595,5621,8.660287
5608,5667,14.2654705
5610,5611,13.211904
5611,5610,13.211904
5615,5632,6.5474453
5621,5595,8.660287
5621,5654,7.6787043
5623,5658,12.067518
5632,5615,6.5474453
5654,5621,7.6787043
5654,5595,14.571539
5658,5623,12.067518
5667,5608,14.2654705
5669,5688,14.9351635
5688,5669,14.9351635
5713,5747,14.670905
5723,5767,13.573901
5728,5776,14.58505
5730,5764,14.643803
5742,5793,14.839584
5743,5770,11.567653
5747,5713,14.670905
5749,5804,14.745794
5752,5791,14.651294
5764,5730,14.643803
5767,5788,13.963537
5767,5723,13.573901
5770,5743,11.567653
5776,5728,14.58505
5776,5791,11.066284
5788,5767,13.963537
5791,5776,11.066284
5791,5752,14.651294
5793,5742,14.839584
5804,5749,14.745794
5853,5905,14.769597
5861,5932,14.190771
5901,5938,10.185047
5902,5922,14.914209
5905,5853,14.769597
5907,5936,9.251624
5912,5942,7.7612295
5922,5902,14.914209
5932,5861,14.190771
5936,5907,9.251624
5938,5901,10.185047
5938,5976,10.370866
5940,5967,13.36202
5942,5912,7.7612295
5943,5967,12.901486
5955,5961,12.445369
5961,5998,13.416217
5961,5955,12.445369
5967,5940,13.36202
5967,5943,12.901486
5976,5938,10.370866
5998,5961,13.416217
6010,6057,12.260804
6057,6010,12.260804
6060,6107,12.576167
6078,6115,11.736612
6101,6105,13.675018
6105,6101,13.675018
6107,6060,12.576167
6115,6078,11.736612
6127,6151,7.6281195
6127,6148,10.393775
6127,6162,10.907025
6147,6182,12.780279
6148,6162,9.396591
6148,6127,10.393775
6148,6151,14.640679
6151,6148,14.640679
6151,6162,9.089829
6151,6127,7.6281195
6162,6151,9.089829
6162,6148,9.396591
6162,6127,10.907025
6178,6231,12.890945
6182,6147,12.780279
6202,6207,14.14038
6207,6202,14.14038
6231,6178,12.890945
6251,6285,10.898072
6264,6318,13.133836
6285,6251,10.898072
6289,6306,11.8511
6306,6289,11.8511
6317,6337,8.9012985
6318,6264,13.133836
6321,6328,10.520843
6328,6321,10.520843
6331,6369,14.895182
6337,6317,8.9012985
6346,6377,12.735594
6369,6331,14.895182
6377,6346,12.735594
6411,6415,14.947552
6415,6411,14.947552
6416,6431,10.774394
6418,6460,13.841699
6431,6416,10.774394
6438,6477,10.556637
6460,6418,13.841699
6461,6498,10.597726
6472,6523,13.670892
6477,6438,10.556637
6477,6507,13.728102
6488,6492,9.364081
6492,6488,9.364081
6498,6461,10.597726
6507,6477,13.728102
6523,6472,13.670892
6538,6570,13.901234
6542,6569,12.213338
6569,6542,12.213338
6570,6538,13.901234
6578,6617,10.786793
6595,6600,12.204405
6598,6645,13.211242
6600,6595,12.204405
6604,6636,8.446921
6617,6578,10.786793
6636,6604,8.446921
6645,6598,13.211242
6656,6679,10.911467
6668,6688,14.08737
6679,6656,10.911467
6686,6742,13.801473
6688,6668,14.08737
6697,6738,12.694431
6738,6697,12.694431
6742,6686,13.801473
6744,6787,10.482104
6746,6792,14.109718
6787,6744,10.482104
6792,6818,7.648143
6792,6746,14.109718
6817,6840,14.192026
6818,6792,7.648143
6836,6845,12.228359
6840,6817,14.192026
6840,6867,14.500252
6845,6836,12.228359
6864,6910,14.466843
6867,6840,14.500252
6890,6931,11.452088
6910,6864,14.466843
6927,6943,6.3234034
6927,6931,12.944729
6931,6927,12.944729
6931,6890,11.452088
6943,6927,6.3234034
6958,6974,13.204562
6961,6998,12.39843
6974,6958,13.204562
6981,7028,11.881851
6986,7063,14.279995
6998,6961,12.39843
7028,6981,11.881851
7063,6986,14.279995
7077,7136,14.618315
7079,7090,13.651992
7090,7079,13.651992
7092,7098,14.392292
7094,7156,14.004748
7098,7092,14.392292
7103,7143,13.448502
7129,7175,14.354499
7136,7175,14.17626
7136,7077,14.618315
7143,7103,13.448502
7156,7094,14.004748
7175,7136,14.17626
7175,7129,14.354499
7183,7252,13.678876
7221,7239,12.1373
7225,7259,13.367691
7239,7221,12.1373
7252,7183,13.678876
7259,7225,13.367691
7311,7339,14.460014
7318,7352,14.321796
7339,7311,14.460014
7339,7340,14.377717
7340,7339,14.377717
7352,7318,14.321796
7352,7410,13.247718
7359,7389,14.418827
7375,7411,14.2550955
7381,7425,11.466803
7389,7418,13.229677
7389,7359,14.418827
7408,7432,9.188248
7409,7437,9.489673
7410,7352,13.247718
7411,7375,14.2550955
7413,7433,8.462113
7418,7389,13.229677
7422,7446,11.099462
7425,7381,11.466803
7432,7408,9.188248
7433,7413,8.462113
7434,7487,14.903742
7437,7409,9.489673
7446,7422,11.099462
7450,7456,6.372874
7456,7450,6.372874
7475,7531,11.139041
7479,7554,14.995633
7487,7434,14.903742
7496,7551,14.660043
7503,7506,13.548093
7504,7534,14.122629
7506,7503,13.548093
7511,7530,11.723748
7530,7511,11.723748
7531,7475,11.139041
7534,7504,14.122629
7550,7591,13.102716
7551,7496,14.660043
7552,7585,13.116871
7554,7479,14.995633
7585,7552,13.116871
7591,7550,13.102716
7601,7627,12.505176
7627,7601,12.505176
7648,7660,11.9707155
7660,7648,11.9707155
7691,7715,10.127537
7715,7691,10.127537
7759,7772,14.7322445
7761,7795,14.611778
7772,7759,14.7322445
7795,7761,14.611778
7804,7824,9.661611
7824,7804,9.661611
7836,7864,12.055243
7837,7874,13.970709
7846,7867,12.8747635
7849,7882,12.64017
7862,7904,14.244327
7862,7915,12.894771
7864,7836,12.055243
7867,7913,12.874132
7867,7846,12.8747635
7874,7837,13.970709
7881,7921,10.769301
7882,7849,12.64017
7893,7903,13.836525
7903,7893,13.836525
7904,7862,14.244327
7904,7915,11.046909
7906,7925,14.986222
7913,7867,12.874132
7915,7904,11.046909
7915,7862,12.894771
7921,7881,10.769301
7925,7906,14.986222
7925,7953,5.8163867
7953,7925,5.8163867
7959,8008,14.07897
7991,7997,8.7561655
7997,7991,8.7561655
8008,7959,14.07897
8049,8098,14.2436905
8080,8103,8.944849
8088,8103,10.578985
8090,8094,14.80859
8091,8147,13.364507
8094,8090,14.80859
8098,8049,14.2436905
8103,8088,10.578985
8103,8080,8.944849
8104,8148,13.555199
8105,8140,10.16777
8130,8162,14.747233
8140,8105,10.16777
8140,8173,10.276714
8147,8091,13.364507
8148,8104,13.555199
8162,8130,14.747233
8173,8140,10.276714
8212,8263,14.004885
8221,8238,14.272593
8238,8221,14.272593
8239,8247,14.945467
8247,8239,14.945467
8263,8311,14.9619255
8263,8212,14.004885
8273,8309,13.362335
8288,8316,12.0785885
8294,8328,11.001834
8307,8348,10.858628
8308,8321,12.207359
8309,8273,13.362335
8311,8263,14.9619255
8316,8288,12.0785885
8321,8308,12.207359
8328,8294,11.001834
8330,8357,11.809176
8330,8383,14.188335
8336,8361,13.254771
8340,8394,14.855767
8348,8307,10.858628
8357,8383,10.703803
8357,8330,11.809176
8361,8336,13.254771
8383,8330,14.188335
8383,8357,10.703803
8394,8340,14.855767
8399,8436,8.472302
8399,8400,8.172833
8400,8399,8.172833
8400,8436,14.730471
8436,8400,14.730471
8436,8399,8.472302
8438,8489,14.509047
8441,8474,14.912318
8447,8449,8.8445425
8449,8447,8.8445425
8456,8465,11.761375
8465,8456,11.761375
8470,8526,14.717025
8474,8441,14.912318
8489,8438,14.509047
8523,8551,8.940339
8526,8470,14.717025
8551,8523,8.940339
8560,8589,13.038747
8580,8592,5.8865514
8589,8560,13.038747
8592,8580,5.8865514
8592,8617,12.987218
8609,8657,12.099839
8610,8641,10.902297
8612,8659,14.313308
8617,8592,12.987218
8640,8658,13.193431
8641,8658,14.20614
8641,8610,10.902297
8652,8708,14.134577
8655,8656,9.72254
8656,8655,9.72254
8657,8609,12.099839
8658,8640,13.193431
8658,8641,14.20614
8659,8612,14.313308
8673,8700,11.619776
8700,8673,11.619776
8708,8652,14.134577
8715,8741,10.936665
8741,8715,10.936665
8743,8787,12.5470295
8744,8778,13.902253
8766,8806,14.361415
8774,8820,14.635427
8778,8744,13.902253
8780,8800,11.943599
8781,8806,11.441097
8787,8743,12.5470295
8787,8801,12.535325
8787,8835,11.211583
8800,8780,11.943599
8801,8787,12.535325
8801,8832,9.019201
8801,8853,12.771397
8803,8834,13.946807
8806,8781,11.441097
8806,8766,14.361415
8820,8774,14.635427
8832,8801,9.019201
8832,8853,6.9249706
8834,8803,13.946807
8835,8787,11.211583
8835,8876,11.020402
8835,8853,13.208484
8836,8850,14.409432
8837,8845,14.005792
8845,8837,14.005792
8850,8836,14.409432
8853,8801,12.771397
8853,8835,13.208484
8853,8832,6.9249706
8860,8896,9.302177
8876,8897,9.49596
8876,8835,11.020402
8896,8860,9.302177
8897,8944,14.020041
8897,8876,9.49596
8914,8938,12.848847
8938,8914,12.848847
8944,8897,14.020041
8952,8968,8.487191
8964,8966,14.735184
8966,8964,14.735184
8968,8952,8.487191
9024,9081,14.233358
9052,9060,14.868137
9060,9052,14.868137
9081,9024,14.233358
9122,9153,11.559371
9133,9152,12.486188
9136,9152,9.827914
9136,9167,12.355616
9152,9136,9.827914
9152,9133,12.486188
9153,9122,11.559371
9158,9192,14.013371
9167,9136,12.355616
9177,9200,12.82426
9182,9209,11.488837
9192,9158,14.013371
9194,9228,13.888273
9200,9177,12.82426
9209,9182,11.488837
9223,9230,12.701612
9228,9194,13.888273
9230,9234,12.5813465
9230,9223,12.701612
9234,9230,12.5813465
9299,9325,14.117341
9302,9324,14.487414
9322,9355,9.898258
9324,9302,14.487414
9325,9299,14.117341
9332,9382,11.699244
9337,9378,12.388493
9355,9322,9.898258
9369,9415,12.488239
9378,9337,12.388493
9382,9332,11.699244
9415,9369,12.488239
9422,9452,11.042234
9422,9472,13.380957
9446,9476,10.925213
9452,9478,7.3992395
9452,9422,11.042234
9452,9472,12.4965105
9454,9460,8.055418
9455,9467,13.887624
9460,9454,8.055418
9467,9455,13.887624
9472,9452,12.4965105
9472,9422,13.380957
9472,9478,12.750941
9472,9494,11.0586815
9476,9446,10.925213
9478,9452,7.3992395
9478,9511,10.514215
9478,9472,12.750941
9494,9472,11.0586815
9503,9536,14.706011
9511,9478,10.514215
9515,9546,12.945857
9536,9503,14.706011
9546,9549,14.602072
9546,9515,12.945857
9549,9546,14.602072
9553,9563,12.150939
9561,9590,12.228571
9563,9553,12.150939
9585,9631,12.8935175
9590,9561,12.228571
9606,9628,13.83852
9607,9643,11.030776
9611,9650,12.223888
9624,9635,14.3725815
9628,9606,13.83852
9631,9585,12.8935175
9633,9640,7.969435
9635,9624,14.3725815
9640,9633,7.969435
9643,9607,11.030776
9650,9611,12.223888
9656,9700,12.660019
9656,9662,12.085713
9662,9656,12.085713
9690,9702,13.719319
9700,9656,12.660019
9702,9690,13.719319
9716,9765,14.5662565
9747,9780,13.825384
9749,9777,12.2787695
9765,9716,14.5662565
9777,9749,12.2787695
9780,9747,13.825384
9782,9810,14.961346
9787,9829,14.736863
9793,9808,12.02225
9802,9841,12.718062
9808,9793,12.02225
9810,9782,14.961346
9822,9833,11.175035
9829,9787,14.736863
9833,9822,11.175035
9835,9878,14.382198
9841,9802,12.718062
9851,9883,13.813922
9864,9878,14.003132
9871,9901,10.788437
9876,9899,10.492246
9877,9904,8.22406
9877,9915,12.787672
9878,9864,14.003132
9878,9835,14.382198
9883,9851,13.813922
9899,9876,10.492246
9901,9871,10.788437
9904,9877,8.22406
9904,9915,10.68751
9915,9904,10.68751
9915,9877,12.787672
9945,9961,7.7169876
9961,9945,7.7169876
10003,10009,9.915776
10003,10025,12.299717
10009,10003,9.915776
10009,10022,12.169694
10009,10034,7.1967998
10014,10048,13.959652
10022,10009,12.169694
10022,10034,10.58688
10023,10025,8.142602
10025,10034,14.768165
10025,10003,12.299717
10025,10023,8.142602
10034,10022,10.58688
10034,10009,7.1967998
10034,10025,14.768165
10048,10014,13.959652
10054,10086,9.789375
10082,10094,14.619589
10084,10121,14.800994
10086,10054,9.789375
10094,10082,14.619589
10101,10118,14.274956
10118,10101,14.274956
10121,10084,14.800994
10130,10131,9.215833
10131,10130,9.215833
10154,10165,9.609746
10165,10154,9.609746
10170,10174,14.165821
10174,10170,14.165821
10192,10212,11.231625
10212,10192,11.231625
10214,10228,9.890123
10228,10214,9.890123
10228,10250,9.908727
10232,10244,13.441871
10239,10262,14.274554
10244,10232,13.441871
10250,10228,9.908727
10260,10296,9.978824
10262,10239,14.274554
10262,10317,13.561258
10264,10287,14.503863
10273,10299,9.157101
10284,10302,10.29773
10287,10264,14.503863
10294,10341,12.331633
10296,10260,9.978824
10299,10273,9.157101
10299,10304,9.056641
10302,10284,10.29773
10304,10299,9.056641
10311,10318,13.469148
10317,10262,13.561258
10318,10359,14.768496
10318,10311,13.469148
10338,10356,13.142092
10341,10294,12.331633
10356,10338,13.142092
10359,10318,14.768496
10385,10411,13.206069
10399,10422,10.926026
10411,10385,13.206069
10422,10466,14.126481
10422,10399,10.926026
10424,10460,11.552954
10435,10443,13.017824
10443,10435,13.017824
10456,10502,13.126102
10460,10424,11.552954
10463,10481,6.677971
10466,10422,14.126481
10466,10489,11.120422
10481,10463,6.677971
10486,10494,10.687878
10489,10466,11.120422
10494,10486,10.687878
10498,10528,12.770258
10502,10456,13.126102
10506,10540,11.626596
10506,10531,10.616636
10520,10553,10.74828
10528,10498,12.770258
10531,10506,10.616636
10531,10540,7.2229857
10540,10531,7.2229857
10540,10506,11.626596
10553,10520,10.74828
10554,10594,12.470541
10572,10591,13.134777
10573,10582,11.0152645
10582,10573,11.0152645
10590,10631,13.303862
10591,10572,13.134777
10594,10554,12.470541
10631,10590,13.303862
10635,10648,10.113479
10648,10635,10.113479
10661,10696,12.199575
10677,10719,13.080369
10687,10729,14.966166
10695,10748,14.5383005
10696,10661,12.199575
10719,10677,13.080369
10724,10727,13.555263
10724,10756,11.853315
10724,10762,12.874579
10727,10756,14.01913
10727,10724,13.555263
10729,10687,14.966166
10733,10754,10.428889
10748,10695,14.5383005
10754,10733,10.428889
10755,10779,12.45452
10756,10724,11.853315
10756,10762,11.502653
10756,10727,14.01913
10757,10785,14.818784
10757,10813,14.512992
10757,10790,12.276851
10758,10785,10.313387
10762,10756,11.502653
10762,10789,12.86622
10762,10724,12.874579
10779,10755,12.45452
10785,10758,10.313387
10785,10813,13.881928
10785,10790,5.8656087
10785,10757,14.818784
10787,10799,6.5063252
10789,10813,14.638077
10789,10762,12.86622
10789,10809,6.012461
10790,10785,5.8656087
10790,10813,8.093741
10790,10757,12.276851
10799,10834,12.220169
10799,10787,6.5063252
10803,10833,12.102243
10809,10813,14.241248
10809,10789,6.012461
10813,10789,14.638077
10813,10790,8.093741
10813,10785,13.881928
10813,10809,14.241248
10813,10757,14.512992
10816,10835,13.028277
10819,10870,14.244624
10824,10828,10.669928
10828,10824,10.669928
10833,10803,12.102243
10834,10799,12.220169
10834,10852,9.962698
10835,10816,13.028277
10852,10834,9.962698
10852,10871,10.636758
10870,10819,14.244624
10871,10852,10.636758
10886,10907,12.793612
10907,10886,12.793612
10910,10944,14.859437
10915,10945,12.324296
10924,10968,11.715471
10924,10964,13.940471
10944,10910,14.859437
10945,10965,11.521565
10945,10915,12.324296
10964,10968,8.456404
10964,10924,13.940471
10965,10945,11.521565
10968,10964,8.456404
10968,10924,11.715471
11017,11020,14.878898
11020,11017,14.878898
11025,11064,14.906727
11056,11060,14.873424
11060,11056,14.873424
11064,11025,14.906727
11075,11093,13.088491
11093,11075,13.088491
11109,11139,9.88257
11122,11153,13.392594
11123,11146,10.270236
11139,11109,9.88257
11139,11154,7.5350375
11146,11123,10.270236
11153,11122,13.392594
11154,11139,7.5350375
11190,11207,13.646125
11194,11201,13.779695
11201,11194,13.779695
11204,11241,14.572454
11207,11190,13.646125
11217,11225,10.328907
11225,11217,10.328907
11235,11260,11.191387
11241,11204,14.572454
11254,11312,14.817854
11260,11235,11.191387
11302,11316,14.793014
11312,11254,14.817854
11316,11302,14.793014
11334,11367,12.974139
11357,11360,8.719423
11358,11391,14.818867
11360,11357,8.719423
11367,11334,12.974139
11375,11418,14.263464
11391,11358,14.818867
11392,11441,13.550945
11414,11428,13.477416
11417,11435,13.626369
11418,11375,14.263464
11428,11414,13.477416
11435,11417,13.626369
11438,11452,10.213349
11441,11392,13.550945
11443,11464,12.056716
11452,11438,10.213349
11464,11443,12.056716
11484,11499,13.543654
11490,11519,10.754069
11499,11484,13.543654
11512,11556,14.858228
11514,11558,13.616287
11518,11540,13.062582
11518,11555,12.91994
11519,11490,10.754069
11540,11518,13.062582
11545,11567,7.025262
11555,11518,12.91994
11556,11512,14.858228
11558,11514,13.616287
11567,11589,12.536775
11567,11545,7.025262
11577,11579,14.33392
11579,11577,14.33392
11589,11567,12.536775
11600,11618,13.056797
11600,11630,14.694446
11618,11649,13.418957
11618,11600,13.056797
11630,11600,14.694446
11649,11618,13.418957
11660,11678,9.156613
11678,11660,9.156613
11686,11701,6.254631
11686,11715,10.538275
11686,11717,12.068245
11701,11715,8.664651
11701,11686,6.254631
11701,11717,7.008152
11715,11717,5.894816
11715,11701,8.664651
11715,11686,10.538275
11717,11701,7.008152
11717,11715,5.894816
11717,11686,12.068245
11717,11754,12.947911
11731,11767,14.897651
11754,11717,12.947911
11767,11731,14.897651
11782,11787,14.059849
11787,11782,14.059849
11825,11837,6.829694
11837,11825,6.829694
11854,11884,12.645747
11868,11903,14.898361
11873,11916,11.574753
11884,11854,12.645747
11889,11919,13.847798
11903,11868,14.898361
11916,11873,11.574753
11919,11889,13.847798
11919,11923,14.806082
11920,11953,13.131117
11923,11919,14.806082
11924,11948,9.822956
11948,11924,9.822956
11953,11920,13.131117
11971,11992,12.307417
11992,11971,12.307417
12007,12020,14.567431
12020,12007,14.567431
12080,12106,12.997684
12083,12087,8.597488
12087,12083,8.597488
12091,12125,13.791859
12106,12080,12.997684
12115,12147,13.596487
12125,12091,13.791859
12132,12137,13.726336
12137,12132,13.726336
12147,12115,13.596487
12162,12190,12.491086
12190,12162,12.491086
12193,12204,13.777473
12204,12193,13.777473
12229,12242,13.265018
12242,12253,8.598789
12242,12229,13.265018
12243,12275,13.944319
12244,12279,13.207551
12252,12281,14.869278
12253,12242,8.598789
12275,12243,13.944319
12279,12244,13.207551
12281,12252,14.869278
12289,12318,14.809343
12318,12289,14.809343
12322,12351,12.203234
12329,12355,12.422005
12340,12358,8.972447
12345,12369,11.293127
12351,12322,12.203234
12355,12329,12.422005
12358,12340,8.972447
12369,12345,11.293127
12378,12382,14.437552
12382,12378,14.437552
12413,12443,14.4465275
12415,12437,10.765936
12420,12438,13.442586
12430,12455,14.952668
12437,12415,10.765936
12438,12420,13.442586
12439,12443,12.27731
12443,12439,12.27731
12443,12413,14.4465275
12453,12469,14.46661
12455,12430,14.952668
12468,12498,14.114379
12469,12453,14.46661
12472,12484,10.062375
12484,12472,10.062375
12492,12527,12.041643
12498,12468,14.114379
12516,12543,11.921899
12527,12492,12.041643
12533,12560,14.248457
12542,12551,9.137107
12543,12516,11.921899
12551,12542,9.137107
12560,12533,14.248457
12561,12583,10.140016
12566,12572,12.579306
12572,12566,12.579306
12583,12561,10.140016
12616,12638,13.238133
12637,12659,14.383465
12638,12616,13.238133
12659,12679,7.5671964
12659,12662,12.309842
12659,12637,14.383465
12662,12659,12.309842
12662,12679,13.592999
12679,12662,13.592999
12679,12659,7.5671964
12684,12714,13.751563
12714,12684,13.751563
12729,12740,14.137242
12740,12729,14.137242
12772,12780,13.753589
12772,12784,14.809053
12780,12772,13.753589
12784,12772,14.809053
12836,12865,14.245124
12859,12867,6.325633
12859,12865,11.337943
12865,12836,14.245124
12865,12859,11.337943
12867,12859,6.325633
12938,12962,9.927456
12938,12961,11.906822
12949,12977,14.042895
12961,12938,11.906822
12962,12938,9.927456
12977,12949,14.042895
12978,13000,12.239802
12996,13018,11.918288
13000,12978,12.239802
13009,13029,14.29806
13018,12996,11.918288
13029,13009,14.29806
13067,13105,14.733467
13072,13108,13.98418
13105,13113,7.422521
13105,13067,14.733467
13108,13072,13.98418
13112,13126,12.78444
13113,13105,7.422521
13113,13136,10.690265
13118,13156,14.449586
13122,13142,11.732265
13126,13112,12.78444
13136,13113,10.690265
13140,13160,14.860546
13142,13122,11.732265
13154,13179,12.661743
13156,13118,14.449586
13160,13140,14.860546
13167,13179,12.971833
13179,13154,12.661743
13179,13167,12.971833
13190,13212,14.59831
13196,13213,13.057038
13207,13232,14.797503
13212,13190,14.59831
13213,13223,9.630384
13213,13196,13.057038
13223,13213,9.630384
13232,13207,14.797503
13248,13261,10.744065
13261,13248,10.744065
13282,13316,13.183002
13289,13323,14.345099
13289,13305,7.874491
13305,13289,7.874491
13305,13323,7.090217
13316,13282,13.183002
13317,13347,13.024768
13323,13289,14.345099
13323,13305,7.090217
13347,13317,13.024768
13361,13396,13.986671
13378,13405,14.874898
13393,13417,14.760113
13396,13361,13.986671
13405,13378,14.874898
13417,13393,14.760113
13420,13446,14.554701
13446,13420,14.554701
13470,13484,12.1391535
13484,13470,12.1391535
13498,13514,14.302174
13503,13536,10.533737
13514,13498,14.302174
13519,13524,12.113307
13524,13560,12.743937
13524,13519,12.113307
13525,13563,14.663912
13532,13544,13.15048
13536,13503,10.533737
13544,13570,12.106482
13544,13532,13.15048
13550,13574,14.624178
13556,13578,9.310826
13557,13567,3.5472763
13560,13524,12.743937
13563,13525,14.663912
13567,13557,3.5472763
13570,13544,12.106482
13574,13550,14.624178
13578,13556,9.310826
13580,13591,7.664739
13591,13580,7.664739
13599,13617,13.394959
13607,13611,6.252443
13610,13623,13.774271
13610,13643,12.933589
13611,13607,6.252443
13617,13599,13.394959
13623,13643,12.325862
13623,13610,13.774271
13635,13655,12.136829
13639,13647,9.9091835
13643,13610,12.933589
13643,13623,12.325862
13647,13639,9.9091835
13655,13690,13.917494
13655,13635,12.136829
13662,13674,13.983526
13664,13667,11.777046
13667,13664,11.777046
13674,13662,13.983526
13682,13702,9.917926
13690,13711,12.892871
13690,13655,13.917494
13702,13682,9.917926
13711,13690,12.892871
13789,13806,14.919076
13806,13789,14.919076
13837,13854,7.8408413
13854,13837,7.8408413
13893,13909,12.990182
13909,13893,12.990182
13932,13959,11.16945
13940,13954,12.886034
13953,13981,12.185819
13954,13940,12.886034
13959,13932,11.16945
13981,13953,12.185819
13984,13995,10.478479
13988,14003,11.409953
13995,13984,10.478479
14003,14030,12.271496
14003,13988,11.409953
14030,14003,12.271496
14048,14055,12.290857
14055,14048,12.290857
14119,14128,12.571272
14128,14119,12.571272
14173,14183,7.9873333
14183,14173,7.9873333
14183,14200,11.7598095
14200,14214,9.11117
14200,14183,11.7598095
14214,14200,9.11117
14222,14238,13.126505
14238,14222,13.126505
14359,14363,14.3236475
14363,14359,14.3236475
14367,14387,13.388108
14381,14391,7.7639265
14387,14367,13.388108
14391,14381,7.7639265
14420,14438,8.61508
14420,14437,9.928961
14420,14442,13.826902
14420,14423,10.17332
14423,14420,10.17332
14423,14437,7.5921183
14437,14442,7.841545
14437,14420,9.928961
14437,14423,7.5921183
14437,14438,10.633181
14438,14442,8.496133
14438,14437,10.633181
14438,14420,8.61508
14442,14438,8.496133
14442,14437,7.841545
14442,14420,13.826902
14449,14457,12.782826
14457,14449,12.782826
14520,14526,11.9058
14526,14520,11.9058
14600,14622,11.555116
14622,14600,11.555116
14705,14723,12.80168
14711,14734,14.522363
14723,14705,12.80168
14734,14711,14.522363
14734,14740,10.155562
14735,14739,12.66733
14739,14735,12.66733
14740,14734,10.155562
14771,14780,11.990391
14777,14782,6.972371
14780,14771,11.990391
14780,14785,8.946037
14782,14777,6.972371
14782,14789,13.267635
14785,14780,8.946037
14787,14797,9.725217
14789,14782,13.267635
14797,14787,9.725217
14824,14831,14.157962
14824,14829,8.329835
14829,14824,8.329835
14829,14831,10.465699
14831,14824,14.157962
14831,14829,10.465699
